088 110118 08 1888011088 ET DE LIEUX. 525

088108 (11111111 11), 1. Angor (11111 111, 1111111111 11 111111 v11 111·
1). 31111111, Ι, 190; ΙΙ, 290, 101, 198, 501,

0881801 (0111111), nutrire 11 rote, 11, 531, 578; 111, 21, 175, 228, 286, 293,
377, 181, 538. 318, 327, 338, 351, 355, 387.

0811180118, 11111111 11 8111101111, 01001118 (1111111), 1, 287, 288, 271.

119. 01110 (11111) 1111111111, II, 18.
08818008 (1.), 11, 180.
0881111111, v. AIIemrgne.
0881111088 (01111111), 111, 300.

011181(11111111 de), conseiller 11 0111·
111 VIII, 1, 518.
0108010 (11111111111 118,), 111111

0880111 (11111111), avocat 111111111111,

11, 115, 281, 378, 181; 111, 88.

088001 (1111111111 11 1111111111, 1,
281, 380, 377, 123138, 188, 11, 93,

817.

0880111 (8111111), 11, 382, 188, 511.
0880111 (8111111-811111), 11, 373.

0118011110 (11111), 1111111111 1111. 11

mgr, 1111111.
11111111111111111, 111.

0111181118 card. (Gitone), 1111111111

(111111). ·

08801100(111111111111111111108111,

11, 118.

08801100(11111111 de), 118111 1181-

1111, 1, 111.

08οΡ11 (0111111), 1111111111 11 Ρο-

logne, III, 385.

08881800 (1111111),11 111111 11 01-
11111111, patriarche 11 111111, 11111-

111, 1, 333; 11, 2.
0888810088 (8111111), 111, 289.

0111110111 (111 81111111), 1111111111, 111,

250, 252, 313.
GIIINUTIIS (8111111111), 111, 117.

08181808111 (Ρ1111),1111111’011111,

0111813181111) (13111111), 111, 131.

1111111111, 11 811111111111111111,
11111111 1111111111, 1, 128, 215, 230,
381, 330, 108; 11, 9, 18, 19, 21, 27, 13,
89, 87, 98, 99, 103, 105, 108, 107, 180,
193, 195, 211, 220, 221, 221, 225, 226,
227, 228, 233, 235, 238, 216, 217, 218,
257, 258, 259, 260, 285, 287, 288, 289,
271, 278, 280, 287, 289, 339, 313, 315,
317, 355, 358, 381, 381, 385, 388, 393,
391, 395, 398103, 107, 110115, 110,
ffiffifflfflfflfflmffl
180,181,501, 502, 501, 505, 508, 509,
512, 517, 529, 523, 521, 526, 529, 530,
515, 550, 551553, 551, 555, 558, 557,
558,561,563,,,581578802;,1113,1,
21,2131, 32,,,,,,,383811588567
70,7,,172717577 80,,8789,90,
98,119,122,127,129,135,138,137,
111, 117,152, 157,180, 181, 188, 189,
170178, 180,182,191, 103, 191, 195,
198, 197, 203, 205, 211, 222, 227, 232,
212, 211, 215, 216, 218, 219, 250, 251,
253, 251, 257, 258, 259, 280, 283, 281,
287, 288, 289, 272, 273, 271, 275, 278,
277, 278, 279, 287, 288, 289, 290, 291,
293, 291, 295, 299, 300, 305, 309, 312,
317, 319, 329, 337, 339, 312, 313, 315,
317, 319, 351, 353, 358, 380, 381, 382,

01111· (01111) 11111111, 111, 131 381, 385, 387, 368, 369, 371, 372, 373,
08181881 (Thomas), 1111111 11 1111, 1, 377, 380, 382, 388, 389, 395, 396, 397,
128, 158, 189, 191, 192, 205, 211220. 390101, 105, 109,111,112,118, 117,
m. mfflmmfflm
01100110,1111111,1111,111,155. ‹ 0108010 (renerent 118,), comte 11
01111οΠ1 (111111111),1111111110111111, 3110111011. 11, 39, 43, 16·
111, 311. 01011010 (811111ο11118.),,11111111
0188118011 (0111111), 11, 188, 513. 8111111111, 111, 380.
0181101111 (1111), 1, 382. 0108010 (8.), 1. 0111111111 811111 (81-
018 (11111111 11),11, 175, 215, 217, 219. 11181). -
0110881,1111111 811111· Μ111, 11, 320. 01111111 (011111), 11, 07.
01118 11118111 (11111), 11, 571. 0111111111, 1. 111111 (1111111111).
0101811008 (11111111 11), 1111111111 0181101111 (1111111 de)‚protonotaire, 1,
118111, 111, 113. 210.

010188 (Silvestre), 111111 1111111111· 018001 (11111111), 11, 511.

 

