015 ΝΟ111501Ρ1118ΟΝΝΕΒ ET DE LIEUX.
405,109,111,112, 116, 117, 119, 120,

125, 126, 119.
01811111 (1 .-Β.), 11, 317.
01511111 (8111111), 111, 310.
01511111 (11111111), 111, 155.
01811110 (1111111), 111111 11911111,
111, 119.

507

0181110 (011111111111), 111, 302.

01511011111111), 111, 303.

0151110 (0111111111 11), 111, 276.

0181110, 1111111111111111, 1, 128.

0181110 10011110,11,333.

0151110 8010οΝ151; 1161111 1111
Luna, de 11 0111111, 11, 300.

01811110 (Paul 11), 11111111111 11 ! CASTROCARO (8111111111), 1, 301,
1111111111111111111,11, 157, 177, 252, ) 161, 521, 521; 11, 80, 97, 151, 611;

178, 510.
01511110 (1113111111 11111111111111 ,
1151111-Ρ11111, 111, 171, 591. ¹
01811110 (1111111111), 1, 29, 68.
01811110 (111111), 111111 811111- ·
1111111, I, 121, 128. 0
mmmmmwmae 1
01811110 (8111111111 11), 11, 381. ι
01811110 (S. de), 11, 283. ’ ¹
0151111011(.1,-1.), 1111111111118111, )
11, 312, 313, 315; 111, 380. j
0181111111 (11111111-0111111111 11), 3
11111111 1111111111, 111, 269, 281, 300, :
3Qmwfflwmffiwfflw
CASTIGLIONE (811111 11), orateur 11 ξ
111 1111111111, 215, 314. 1
018110110111 (11111111 11), 11111111 )
apostolique, 11, 382, 186, 513.
018110110111111111111 11), 1111111101
11111111, 11313, 311.
01511111, Ι,555;11, 237. Ι
01811110 (Ρ11111 11), 11, 188.
01511118, 1, 19, 90, 128. ι
mfflffifflfflmmm )
0151110 (1111 11), 111111 11311· i
gente, 11111111-111111 du 11111 de¹
&mmfflmmffimffim²
288, 269, 271, 280, 289, 299, 311, 320,
311313, 317, 358, 361, 367, 387, 393,
391, 399, 103, 107,110, 112,115,119,
122131, 137, 110. 111,157,159,160.
fflmmmwfflfflffl„
ffimfflmfflfflffiffl,
1111111111·
71, 77, 79, 80, 81, 119, 122, 129, 135.
111, 152, 157. 160, 161,169,176,193, Ι
191, 195, 197, 199, 203, 220, 221228, ι
236, 212, 215, 260, 263, 267, 269, 271, }
273, 271, 275, 276, 287, 288, 290, 291, Ι
295, 291, 299, 300, 311, 316, 323, 327, 1
329, 337, 339, 316, 360, 361, 365, 366, ψ
mffimmffimwffi
383, 388, 395, 101, 109, 117,125.

111, 115.

0181110 0110011011, 195; 111, 153.

0151110 Novo (1111111111), 1111111111
0111111111, 111, 138, 110.

0151110 NOVO (1111111), 11, 292.

0181110 (1111 1111111111 de Girgenti‚
1, 73.

0151110, v. Martigny (0111111111); Bor·
gia (01111).

0181110 (1111011111), 11. 178.

0151110, v. 1111111 (Tito).

0151110 (seigneur 11), 1111111111 duduc
11 F 111111, 1, 261.

0151110 11111Νο0 (11111111), 11, 306.

0181110 01 11111110, III, 217.

0151110110111(Ν111111 11), 1111111111
0111111111111 Naples, 11, 533.

0181110 01111110, v. Castro 1111111
(8111111111) 11 (5111111 11).

0151110 1111110 (1111111111), 111, 269,

0181110 11110110, Il, 196.

0181110 8. 11211111, 111333.

015111οΜ 911815, 011111 11111 Pieve,
111, 189. 231.

0151111111 1111118, v. 01111111111.

01111115, 11, 233.

011111Ν1 (Claudius), 114, 210.

1111110011, 11, 125, 128.

0111106Ν1(311111111111), 11, 162,

0111106111 (1111-1111111111111), 1, 399.

011111, 1, 20, 21. “

0111111, v. Albornoz (Alphonse).

0111111. 0111111 (11111111).

0111Ν1, v. 11111111 (11111111 11).

0111Ν11 (Thomas), 11111111 011111,
I, 223, 173; 11, 117 ; 111, 351.

0111Ν11 (11111111), 1111111111 11 papo
11111, 11, 220, 219.

01111118 (0111111111), 11, 380, 539.

01111108 (1.), 11, 180, 539.

1111111111

 

