528

618661111οΙ81, 6116, 1, 160; 11, 6, 68,

6111288888 (8661166 66), 61616 66 Leon,

6111188280 (Simon), 616666 66 861611,

6188111888, 6116 66 Luxembourg, 11,
ε)

68816116 de 66116, doyen 16
8661666 6166 86666616, 1, 569, 553.
6811111188, 1666616116 66 86666, 1, 111.
6011188818 (1666), Ι, 268, 269.
60131111 (1666666), 111301.

(111138, ΙΙ, 566.
GULVIS (1666 66), 11, 372, 379.“

1118386886, 6. Aspurgh.

166611 6661611 116616611666

6880131181 (Lupo), 61666166 66 36161-
166666666666166616116, ΙΙ, 176.

(8111688313, 6616611616, 66111, 61166-
1161116, v. 86116611(1166166116); Lang

(8611166).
6118611 (66661666), Il, 193, 528.
GUSSIS (16616111 66), ΙΙ, 311.
6111118111 (861661616), 6686611666 8111-
61616, ΙΙ, 250, 356, 386, 390, 631, 525,
535, 595, 606; ΙΙΙ, 26, 136, 155,193,
221, 227, 228, 233, 231, 268, 269, 273,
291, 299, 355, 356, 357, 362, 369, 381,

· 390, 103, 601, 111, 621, 611.

(1118818 (816116), 616666 66 86161, 111,
92, 171, 192, 195, 211, 258.

661161 (wama), 11, 566.

816811688313 61 1111661 813811- 8811001113 (1161166), 6161666666 66
688313 (8661661), 66116 16 6166666 66 3111661116, cardinal, 111, 292, 373.
3116616616, 11, 259. 88118οΕ (8611166), 11, 181.

HADRIANUS, v. 66116116 (1611616 66). 8888οΙ1 (66666166 1616616611 66),

81688688181661), 1, 271. 666666 66 861661666, 6161666666 66

8161811188 (1666), 11, 181, 538. 1611661666, 1, 20, 21, 73, 571;’11, 15,

81618118811861666),11, 181. ⁴ 71, 75, 615.

81188831101,111, 329. 8811831080, 6. 66616116 (Adriano de);

81108681 (66), 111, 391. 811Ιί66.

8188811, 1161611611 6116616116, 61161, 8811818010 (361116) 661116116 66 11,

8181688183, 6616116661666116,1,166. 88888118 (1616616), 61616 66 6166666

811111 (16 66661161), 66666661, 6116, ΙΙ, 66 8116, 111208.

362. 8888811181 societas (ordre 6611161·
81110 (01666 Lopez de), 6616666666 111166),8, 161.

68666616, 11, 71, 75, 76, 77. 8811118111 (16611 66),11, 312.
81338831818 (8616166),1, 258. 8888088313 (861111 66), 61666166 66
811108 (161611666), 11, 5121 31166166166166 6666161116, 666666 66
81818013 (6161166 66), 6. 111616666. 66116, 1, 120, 121.

8811318818, 6. 861616. 88111 (6666616), 111, 310.

8888888116 (86116866), 6166166166 8838011118 (16611), 616161 66 36161-
8666666,1,20,21,69,12,101,137,389. 16616 66 6616666, 1, 613.

888111 111, 161 6666611116,11,237. 88338 (1611661666 66), 1, 138, 139, 616.

888111 VII, roi d’Angleterre, 1, 20, 21, 883388 (86161661 66), 6166166166 66·
73, 111, 257, 258,123; 11,18, 289, 331, logne, 1, 137, 200, 235, 316109.

516, 609; 111, 31, 81, 175, 228, 266, 8831111183 (8166166), 61666166 66 Co·

293, 353, 351, 355, 356, 359, 367. logne, 1,169.

8111161118, 666 66 Ferrato, 6. 8616 (861· 8808138818 (8661116), 11, 573; 111,
6616 6’). 199, 369.

HERCULIS (charles de), 11, 371, 381. 813811 (86111666), 666661 du cardinal

HERCULIS (1616616 66), 11381, 187, 513. , 1166616618, ΙΙ, 103.

 

