506

mmmmmmmm
ΜΜΜΜΜΜΜΜΜ
Qmmfflmmmw
mmmfflmmmmffi
wwmmmmm,m,ffl
ffimwmmmm,fflm
fflffiwfflmffiffim
444, 414, 414, 414, 414, 441, 422, 424,
Qffifflfflffimffiffl
ffimfflmmffimw
mmmmeQQ
mmfflfflffifflfflffi‚
ffiwfflfflmffiffiffl
wwmaenannffim
Qmfflmffifflmffl
fflfflffifflfflffiwm

INDEX GENERAL ALPHABETIQUE

0181110111 (11144144 14),11, 383, 187,
0158808018 (Sanctius 14), 14144410-

11444, l, 128.
01114144 (14414), 14 Lanu. 11, 320.
01881178, 4. Leoni (1444 14) 04114441.
0414144414, 4. 0444114.
0181111111, 441 14 Pologne, 1,201, 203.
01811118 (81111414), fils 14 441 de Ρο-
logne, 141444 114 14 01444414, pnis
cardinal, Ill, 57.
(11810111 (84111414), traque 14 01444414
cardinal, 111, 120.
0188100, 4. 1444444111014411144).
01881110, l, 128.
01881100 (844), 11, 117.

193,191,195,197,198,201,203,205, 0188101804341411484]44411111,207,

mmmmmmmm

208.

mmmmmmmmmfflfflfflfflmffl‚w

261, 267, 269, 272, 273, 271, 275, 276,
287, 288, 289, 290, 291, 291, 299, 300,
309, 311, 316, 331, 332, 351, 352, 353,
Qmffiffimffimm
373, 375, 380, 382, 383, 386, 387, 388,
389, 392, 395, 397, 100101, 105, 109,
111, 112, 113, 116, 1211425128, 138.
0181(Β441144144444 14),44441441414,1, 68.
01811100 (1444-8440414),111, 424.
018118, 11, 310, 353, 358.
018118 (04141444 14), (4414441414, 111,
018118 (844444444114), l, 516.
018111018 (1444414), 111, 376.
0181118 (Baptista 14), 11, 110, 557, 5591
01811108 (Β4ρ11414),111, 194.
01811108 (041414444), 11, 350, 378, 181,
511.
01811108 (11,), 11,285.
01811108 (11441411), 11, 285, 379, 185,
018110090 (1441414), ll, 109.
0181Νο010(0144144), 4441414 apost..
CASANOVA (tanquan), 4111 14141444 44
petit· parquet, 4444411 444111441- pretia 14
titre da 84141-811444414 044114 1141114
4415031, 27, 67; 11, 61, 318, 377,
106, 125, 183; 111, 239, 212, 219, 265,
208, 270, 272, 271, 275, 277, 281, 281,
288, 292, 295, 298, 299 ; 111, 302, 308,
309, 311, 316, 337, 339, 351, 353, 358,
359, 300, 371.

0187810110711110(844411444)141444 ·
14 0111441, 11, 355, 386, 151, 521; 111,
36, 37,126, 201, 257, 259, 117.

018181 Dl 10111110 (8114411411), 1411144
14 011441, 1, 29, 55,68 , 71, 72128,
169, 176, 231, 211, 215, 319, 360, 101,
158; 11, 185, 291, 319, 360, 361 ,385,
386; 111, 233.

018781 081 1110 (8144444444 141), 111,

0187111111 (1444), 4441411444 14 71441,
cardinal-pratia 1411441414( (44 814114),
11, 530 ; 111, 192, 275, 276, 288, 319,

018781110188, 1. 141444 (11144144).

0187811101118, 4. Floras (Antonio).

018781110871, 4. 0411414 (1114444).

01878111018 (044441. 14), 11, 371.

01878111008 (84444414), 11, 372.

ffiffimaewmnm

Cartetlnnenais, 4. Castalii.

01878111 08 00110870 (Adriano),
141444 1114111441, 44441141141114444-
dra Vl, cardinal, l, 3523 ll, 331, 319,
386, 110, 171, 178, 502, 503, 580, 602,
673; 111,· 56, 89, 101, 118, 122, 192,
198, 203, 221230, 265, 268, 270, 272,
271, 275, 277, 283, 288, 289, 290, 291,
299, 291, 295, 298, 302, 808, 309, 311,
312, 318, 319, 321, 322, 327, 329, 330, “
337, 339, 351, 355, 358, 360, 363, 361,
365, 367, 368, 372, 371, 375, 380381,
382, 388, 389, 395, 397, 101, 102, 101,

 

