DES 80118 08 1811808888 81 08 1181111. 489

16ΜΜΜΜ6ΜΜ;ΜΜΜΜΜΜΜΜ6

111, 42, 440, 445. 4011104, Ι, 128ς11, 42, 658; 1. 0611614
4804101184 (navis), 111, 195. (1. Β.) ; Leoni (16661; Prata (1666 661.
4161114194), 11, 285. 400144888818,1.4(161166.
480408, 1. 816116 (46661161 4110104808, 1. Aquila.
4800144484111 11, 337, 628. 4111114411(Β66611661, 61616 66116666-
ANHALT (Radolpha d’,) 666116 646· 116, 11, 320.

66616, 11, 199. 4001488188818, 1. Aquila.

ANNE 66 01616366 (611616166666 Ro· 400184188818, 1. Aquino.
ΜΜΜΜΜΜΜΜΑΜΜΜΜ,ΜΜΜΜ
510, 513, 514, 515, 517, 519, 531, 575, 1. 86111616, 0116666 (6616.1; 1666611-

ΜΜΜΜΜΜΜ. 'wmffl).

48881418 (8.1, 66111616 61 6616116 apos· 10111110, v 3611610 (nanim de)
talique, 11, 284, 378, 381, 484 486, 4011180 (8611116661 616666 66 01611-
540, 542. 66,11,118,163, 165, 166169.

4888888818, 6066616. 40018118,1.411-160116116116

48110088 (ρα1116161166’1,1.416366 4114888111, 186.

(Jordan 6141140081, 4; 111, 25. Boi 66 66 pays
48110088 (1661661116111616116 6’,1 1, 661661166686661111111,1, 472.

90109110. 1 1114008 (4111116666 1116863666166,

481111048101166611611,460,559;11,10Ι 1616161161 666 0661-8161166 6666 16

4811174111, 1. 16316ῑί66 (8116666 111 , 666641111666611, 1, 410; 111, 25.
06166 (Philippa). ¹ 484008 (411111666611, d') prinae 66 06- v

ANTLAS, ambassadeur 66 06816111· 111, poue, fils 61114 du dua (1606161116,1“61-
16166 1616166, 1, 201, 203, 204. 616666 1⁰¹, devint 161 666 0661-8161166

4810188 (61616 66 8.), 1, 137, 139. 6 16 16611 66 666 para, I, 469, 470, 472,

4810188, abb& 66 S. 4616166 (16 Vienna 476, 477, 478, 479, 485, 488, 489; 11,(
(F 166661, 1, 430, 432, 433, 434, 430; 2 89, 97,1046 177 (666 6661666666611
ww. fflmQfflfflffiffim

4810188, 66611661 66 16 1166116616116, 203, 204, 236, 337, 493, 508, 552, 645,
1, 267, 268. 646, 647, 659, 662, 663 ; 111, 5, 68, 73,

4810188, chambellan du pape alexandre 71, 183, 186, 437.

11, 6114161616 (106116, 11, 246, 359. 4114008 (4111161166 d’) 66166 66 161
4810188, [16161116311166 (16 (166 6111- 4111666611, 11, 118.

11161, 401. 484008 (4111116666 d') 6161166 616 66
4810188, 616666 66 06161161, 510. 0111611, 11616 illegitime d'Alphonsa 11,
4810188, 616166660616, 11, 163. 1, 414, 11, 123, 130, 163.

4810188, aveque 66 0111661, 1, 128. 4114008 (41146666 d') 6611161666 06-

4810188, 616666...,11, 371. 1666, 1, 477, 478, 479.

4810188, 111, 109. 4114008 (4111116666 61666 66 81666-

4810810, 6161661 66 11616616, Ι, 121. 3116661166 1661666 86111611, 493,
V. 066161661(46166161. 503, 548, 562, 563, 569; 111, 2, 20, 32,

ANTONIO, 60111616, 111, 281. 72, 436, 437, 438. 439.

4810810116161166161, 111, 346. 4114008 (01161166 d‘) 11616 66 marqais

481888, 1, 288. 66 06166611, 123, 130.

40818, 606611611116616161. 484008, (81666616 d’), dachesaa 66

410441841118 (81661661, ll, 171. 1611616, 11, 2.

4111804 (16616 6616466666 66 1616166. 484008 (1616111666 d'), fils d'Alphoase
11, 178. 11, 6666606161116, 11166666 0611666,

4111014818 (1666 46616 de), 1116161 66 161 666616 nam de Ferdiaaad ll, 1,
16666666, 111,(29, 134. . 475, 486, 487, 512 ; 11, 200, 201, 202,

4180118081. 161666. 214, 215, 217, 237, 642, 615, 657·

 

