532 INDEX 01111111. 11Ρ1111171001

1166116616, 6. 10661161οωί6. 1 166,611666116166161661616666,10,93.
10108111181116661666), 16. 66166- 2 1088110117, 11, 101.

1

1181100 (16661666), 11, 188, 511. 111101 (06616666), 11, 376.

11008, 166 6’1116666,111, 153. 1111711 (1166166), 11, 182.
11001110108 (116666), 111, 299. 11 01118 (1666), 11, 208; 111, 269,
11018118 Vl, roi de Pologne 61 66 “ 300.

1666116,1,157,158; 11, 63, 633; 111, 1666(6166616,6.166666.

32, 76120, 138,111, 139, 110. 1171011111(1071111(1)1166166),66666
11011(1666-8661),166666 66 eiua di ! (16 0666666,611666166 (16 Ρ16666, 66666

666661, 175. ) 16661666666,661.
11181171 (8111287. ( 11880 (0666166), 66166666661 d'Es-
LAMBERTUS (0611166616), 11, 375, 377. pugne, 11,271, 278, 279, 290, 121, 120,
1111111008 (1666), 16616616 66661.,11, 525.

382. 11700 (christophe 66), 661666 66 0166-
16666166616, 6. Nomentanum. 6666 (6666166 1 1166166 66 16166), 11,
111011 (06161), 111, 113, 111. 71106, 111, 327.

LAMPICHIUS (1.), 11, 286. 11700 (161166 66), (166666 66 01666666,
1111118711, Ι, 257. l, 73, 128, 156, 259, 318; 11, 66.
11101 (16 861616), 1,173,171,175,176, 1611666666. 1666.

179, 180, 183; 111, 10. 1100111108 (11666610, 287.
11101110,111011110(016666),1661116 1101101108,6. 16666666 (116116).

666 6666116666, 376, 383, 385, 180, 188, 1100 (16616 66), 11, 281.

537.4 1666611616, 6.1661.

1110110771 (861616), 16166616, 111, 271, 11011 (1666), 11, 181.

666 61666666166666,61666
11101 (16), 6661161116 16666616, ΙΙΙ, 155. 1101117 (1616166), 11, 370. 177.
1111110111 (1666), orateur de Flo· 1101117,6616616166’161166116,11, 151,

16666, 1, 329, 387, 388, 527. 1101117 6661116166,1,130.

11100001. 6111, 1, 116. 1101117 (1666166616616 66661, 1, 67,
1111110111 (1661661), 6601611666 66 113173,; 11, 379, 381, 381, 183. 188,

1611. 66661.,11,373. 511, 513 ; ’111, 190.

1110110111 (066166), 016 661666166- 11011170 (Philippus), 111, 121.
1666161, Ι, 329. 110111 (comte de), 11, 160. “
1110 (11611166), 6661116166 66 11611611- 110811116.161666616(1.-1661166).
1166, 6616166166 0661, 111, 161, 120. 1110187111 (1666666 66), 66666 66

1110110 (66), 1, 209. 11666666, 111, 386.
111011 (1666), 6611616166( 66 1611166 111Ζ11118(0661111666),111,301.

66661, 1, 369; 11, 281, 379, 181, 511; 110111, 11, 205.

111. 310. 1661666616, 11166.

1110110 (16666, prieur 66), 1, 573. 1661666616 cardinatis, 6. 861616 (Fran-
LANGO (baini 66), 1666666 66 0616166- 6616 de).

6166, 1, 136. 0 1118 (866666616 66), 161666 (11661116, 111,
1110701 (71166166), 161666 66 86161- 221. 6

066166 66 11666616, 1, 128, 111. 11171187111818 (0.), 10,111
11171 (Ρ16616116116 de), 11, 536. 111711116616666611 (0666366). )
11121818 (16616), 11, 380. 11110 (1666), 11, 180, 513.

1101, 6. 16666166161161166 de). 11118110, 6. 866661666116611).

 

