00010110 00100001111110 1101. 110111. ’

1111101111, 1, 115, 11011, 331, 501,

111, 360, 361, 362.
940800000410110011070), 0101111 11101·
quis 110 0001101101, cardinal, 1, 7.
' 1100111111, 11,156.
94083888, 11, 81.
9488898184, 1. 3, 21, 373, 426.
940888 (Βο1111010111),0011110 110), 11,

- 1141ῗί1110, 1,.101.

94010080, 111, 192.

9414818 (Β. de), 11, 484.

PALLAVICINI (4180010110 00111110), 0114·
que 110 Venlimigha, d'Orense (Auria, 011
80003110), 11010110,00111“11101-ρ. (11111110
110 810-4110010010,01110 110 8109101040, 1
1,15, 111, 101, 101, 010, 1101111, ξ
221, 223, 229, 246, 255, 259, 276, 296, )
291, 320, 325, 326, 327, 328, 333, ξ

' 00101031030010150,311010, ÷
361, 364, 370, 373, 374, 378, 383, 385,
387, 406, 407, 415, 418, 420, 421, 423,
424, 426, 431, 437, 438, 440, 449, 455,
457, 458, 459, 462, 465, 466, 469, 472, i
473, 476, 479, 487, 526, 544, 548, 572, 1
578, 58ος 11, 17, 21, 23, 25, 26, 27, 39, ³
35, 38, 40, 47, 49, 50, 58, 62, 64,65,’
69, 200, 222, 224, 225, 226, 230, 233,
235, 236, 245, 246, 247, 259, 261, 265
267, 268, 269, 271, 275, 277, 280, 28μ

· 343, 344, 315, 347, 358, 363, 364, 365,
381, 393, 394, 395, 399, 462, 407, 408,
QQQQQQQQ
431, 434, 437, 438, 449, 457, 479, 469,
490, 499, 501, 502, 504, 512, 517, 529,
522, 523, 526, 529, 530, 545, 551, 553,
556, 557, 563, 576, 602, 611, 617, 631 ;
111, 2, 3, 10, 13, 20, 24, 31, 36, 37, 38,
41,56,67,68,70,71,72,74,89,90,91,
112119, 121, 122, 127,129, 130135,
136, 137, 140, 14-4, 145,147,152, 157,
160, 161, 167, 168, 169,176,176, 178,
179, 180192, 193194, 197, 201, 202,
293, 205, 211, 220, 222, 223, 226, 228,
233, 242, 249, 250, 251, 253, 254, 257,
259, 200, 263, 264, 265, 267, 269, 272,
273, 274, 275, 276, 281, 287, 288, 289, ,
ΜΜΜΜΜΜΜΜ
317, 319321, 323, 325, 326, 327, 329,
330, 331 ,” 337, 339, 340, 342, 346, 347,
348, 351, 358, 360, 361, 862, 366, 367,
mmmfflmmmffi

547
389, 390, 391, 392, 395, 396, 400, 411,

. 413, 416, 421, 4251433. 2

9401491οΙ81(01101100),1’1101)110110 1011,
11, 308, 310.

PALLAVICINI (1141111110),0101)110 de 80-
1010,11, 310, 312, 313.

9400401018 1 (Philippo), 0100110 194410-
cio, 11, 438; 111, 89, 91, 170, 234.

Palma, v. 31010.

9414148118 (M. de), 11, 480.

940311511101000111), 1110110101)υο 19400-
10010 01 de Mateta, ll, 15,118.122,
123, 163.

9404118 (Β. 110), 11, 541.

9400, 111, 192196.

940094813οὃ (41110100 de), 11010110, 1,
367.

PALOSHS,(Augus1e 110), 11, 535.

9400804814 (8011110101 110), 11, 375.

9400804814 [Cocus 110), 1, 28, 67; 11,
287, 380, 478, 537.

941.οΤ103 (910110), 0110100 romain, 11,
365; 111, 33.

9441900088, 1, 92, 128,

911010οἱ000, v. 0011110,Βο1340(00001).

911111011011011071, v. Pampelune.

9480847108, 051011010011101011. apost..
11, 480, 483, 535. .

9480009181 (9101100000), 0101001 110100-
1111 4 800100, 111, 351, 356.

9480009181 (01000111), 0100001111 Troja,
11, 163.

9480009181 (8100100), 0190110110 Pis·
1010, 111, 326, 373.

94800090, tyran 110 81011110, ΙΙΙ, 232.

94800090, 11010110, 11, 299; 111, 245,
246.

9480081, 4100110110 Βο)0110,111, 163.

9488088 (charles), 001010 110 11000110.
11, 118.

PANTALEONI (Harduin), 0190110110 Ni·
001010, 11, 163.

9487843004, 0111101110 de 11101000
801ςὶ11, 11, 433.

9487840103, 0001610110, 11, 285.

Ι 94803 1801110111), ρ101011010111,111,2111.

94891810, cite, 1, 107, 450;11,44,172,
01 passim.

PAPAHIIS (8011110001 de), 111, 301.

PAPHLAGONIE, I, 529.

Paphos 011 Basso (nedechypre),v.Jacques.

9110701111 card„ v. 41140010 (91000011).

 

