088 8088 08 2118808888 ET 08 LIEUX. 567 ·

612, 615, 635; 111, 110,172,301, 306,
325, 329, 372, 151, 612, 615, 635; 111,
110, 172, 331, 306, 323, 329, 372151.

8616166661166116. (8686611311 0661-
116611 (8111161666).

Souna, 1, 358.

8661161. 2166166161 (1166116); 26116661
(1116116611 Scottus.

80088181 (David), 111, 302.

80088181 (11666616) 6611616666,616666
66 volterra, 6611616116 66 11116 66
861616-86161166, 1, 116, 125, 166, 259,
ffimwmmfflfflffi
9, 18, 19, 13,15, 9228, 128, 227, 239,
377, 153, 1833111, 137, 225, 251, 257,
258, 259, 260, 262, 263, 261, 265, 267,
270, 273, 276, 288, 289, 290, 291,291,
295, 298, 301, 367, 309, 317, 319321,
322, 323, 327, 329, 331, 336, 339, 311,
mfflfflffiwmffiffl
365, 366, 367, 368, 370, 371372, 373,
375, 380, 382, 388, 189, 395, 396, 397,
399; 111, 333, 101, 102, 105, 109, 111,
112113, 116, 117,122,125, 15ος 116-
1616ρὶ666666 1616116661, 1116 1166616-
666 6616661166 vulterranus, 11, 377,
11116633.

80088181 (1666-116161),11616 6616111166
66 16116116, 111, 225.

80088181 (2661-11116166),11, 153.

80088181 (Thomas), 111, 326.

80188088, 1, 231.

8011888 (1111116666), 616166616116, nl·
nature! 66 216116 6116666, 11, 381,
191, 195.

80118118 (86116 66),111, 108.

80118010, 111, 115.

SOLIS (216116ι161666666),·116666 66
86611,1, 555.

80118 (Ρ.), 11, 111, 195.

8011188 (1666),11, 281.

8080 (2661), 11, 511.

802180 (163616 8611116 66), 6161616666
66 1161661, 208; 11, 19, 90.

Sora (666 66181116 (11666616), 1, 271289,
321, 101, 102106, 113, 138 139, 112,
113, 117, 161, 168; 11, 31, 39, 10, 56,
59, 366161. Cibo (11666616).

80881118 (8.), 11, 285.

80811, 11, 156.

80811 (Lucas 66), 11, 370.

6666661666,1666616616.

8081180 (01616), 11, 186.

8081180,176611166, 11, 81.

8011611161. 1161661166 (11666616).

80111888, 11, 565.

80110 (86666116), 111, 300.

SOUCK (81161616), 6616666666 66111·
66116, 111, 1, 216.

8011018 68111616, 1, 393, 11, 261, 6111-
16666666166; l, 3373 11, 89.

801181 (01636 66), bv. 66 2611611, 529.

8οΖ18111 (1616166116), 11, 186.

8218088111666), 11. 1166661616, 11, 271,
112, 127ς 111, 210, 252.

8211808881 (1166666616), 6666616161·
1611611616 11, 11, 123.

8218088111 (1161116616),11, 109 ; 111117.

821808881 (Antonio), banquier ‹1¹1-
1616661611, orateur 66 16 1666111666
66 816666, 11, 263, 271; 111,· 215.

821808881 (1616616), 61611666αά661 du
161 66 866166, 11, 121.

821808881 (16166), 1166661616116166-
616 11, 11, 123; 111, 283, 303, 111118.

8218088111 (2161161666616),11, 371.

8211880118, 6166666 66111166, 111, 121.

82110188 (1163666), 166166166 Co·
ning110n, 1, 257.

82111 (8161116166 66), 1, 288.

828110 (8611616 66), 1, 365, 873.

828110 (86616666), 1, 365.

8288118080 (1616166), 66166666661 66
16166 866166, 11, 271, 275, 276. 277.
279, 290, 123, 121, 129.

82188111 (166), 1, 201,182; 11, 239.

8218011 (16116116), 11, 331.

8218011 (11666616), 111, 276, 302.

8218011 (16666611616166166 66666,

8218011 (161166), 111, 303.

8218011 (161116), 616166616116, 11, 366,
375, 186; 111, 310.

8218011 (216116), 111, 335.

8218011 (8.), 11, 286.

82188, 11, 320; 111, 110.

spire, 1. 8666611613 (Philippo).

8218111 (16611) 6611161116, 61616 66 16

chambre, protonotaire, 11, 319, 215,

217, 280, 350, 355; 111, 232, 233.
8218111 (16161116), 61616661, 1116111616.
8218110 (818), 111, 333, 331.
8211811008 66 1616616111, palatin 66

81666116, 111, 37. ’

 

