DES 0003 08 9814300088 ET DE LIEUX. 551

9108111 (94444), 999449 49 pape 1999- ·

4944141111, 1, 122311, 645.
91001. (949449), 11, 483.
9171180031,11, 174.
91008714 (949449 49), 11, 542.
9107014 (949449), 9414994411, 564.
9102008 (3914449999) 4944914449 494944

49 1194499, 9444499449 44 944499, (4444 41
44 Same-Agathe 49 04444999, 111, 213,

370.

91008108, ΙΙ, 440, 548, 411,163,192,

499, 494, 495, 494.

9198144008 (14944449), 9444119449 49
9444. 49 saint-vital, 111, 270, 302, 418.

914494949, 4. 04414444 (1141444949).
9114134008 (0499144 49),11, 483. ’
Placentia, 4. 914494944.

9199944949, v. Prague.

9140044 (8949444 4911944444944941,
11, 381, 486, 542.

9840014 (09499419), 49999 494 9944199444
9994441944494, 1,03; 11. 20, 43, 78, 216,
239, 279, 508.

9140044 (9491 491444941499444194441,
Ι, 340, 435; 0, 10, 20, 96, 219, 283,
342, 384, 418, 488, 540; 111, 41198,
271, 272, 273, 297, 303, 311, 334, 350,
382, 411.

91981400 (8949444 49), 4144444440 du 9140844113 (Marco de), 11, 375, 482.

4944. 49 04444141, 11, 531.

9114140 (44919449), 4444444 4144411499, 11,

163.

919414, v. 091914(8449444911414114).

9883818083-7011143, 11, 175.

PLATINA, 9414, Ῑ, 233.

913400 (Paul), orateur 41911444, 11, 2153 94499943 (Μ, de), 11, 283.

111, 388, 390.
91311403 (04144494 44), 11, 372.
pisauriensis, 4. 999444.
9100144 (1194449444), 14, 376.
9180144 (89494944 44), 11,-376.
94994449 (9444144444), 11, 1249.

211011111133313), 44, 449.

949944 (4449499), 44, 999.
149994 (99499, 44 999.
4 9014Ζ10 (1146944) 49441994 49 4914, 11, 9,

425, 479, 608, 609.

1 9494499999), 44, 599

9130114418 (marchio), v. 949199-(89444- 9014010 (Simon), 11, 383, 488.

9494-84494444 41.

9014818007100, 1, 558.

9131411, 196, 436, 437, 438, 475, 528, 1 901110 (1949414449), 41944 499 4944949- ,

529, 649, 650, 651, 675; 111, 13, 60.
9138, 4. 894344 (01944).

9188 (8449414499 49), 144949 44 04444

894344, 111, 208.
9188 (Leon 49), 11, 418.

9188 (Ζ44144444 49), 9441944 44 94444949

49 4114441999 Ι, 116.

9130108811 (14914941), 4496941494 de

Brindisi, 11, 123, 463.

91301808 (04491494919499491, 444449

44 Muto, 11, 163, 358.

9187100010 (11494491), 444499 49 099.
49494949, puis 44 8419119, 111, 147, 161,

9491114444, 4. 9494414194 (0444916).

9187010 (8444449444 49), bouyer du 4444.

89444411, 176.
9409449949, v. 9441944.
91870040 (4914499 49), 111, 236.
9171081400 (49441444), 4. 049494 (0449-
v 1441.
9171011400 (Leuis 44), 111, 248, 249.
9811840080, 244, 11, 308, 309, 342,
349, 338, 382.

44494 de la chapelle ρ4ρ419,1, 5, 10, 27,
94, 44, 112, 153, 499, 444, 449, 949,
445, 944, 449, 944, 994, 949, 449, 499;·
11, 20, 37, 192, 199.

9080047080 (Leuis), 4446944499 49

0499449, 444449 49 Capaneia, cardinal
(441149 49 14144 49 344919-14341149, 1, 192,
220, 324; 41, 15, 22, 105, 258, 496,
514, 523, 577, 611, 670, 3713 111, 5,
57, 78, 79, 80, 81, 32, 89, 90, 418, 122.
129, 130, 135, 136, 437,144, 152, 157,
164, 167,,168, 176, 493, 194,106,197,
199, 203, 205, 207, 220, 226, 227, 245,
mffimfflfflmmm
258, 259, 260, 263, 265, 267, 270, 273,
274, 275, 276, 277,288, 289, 290, 291,
294, 295, 299, 301, 312, 317, 319, 324,
322, 327, 329. 331, 336, 337, 373, 398.
9000103 (1944-84994944), sollicitent
491911. apost. 11, 285, 372, 373, 479,

900010 0848809194 49) 11, 174, 4751
90171883 (0444149449 44), 4914494449

49 01444194 11111 4 Home, 1, 335.

P

 

