018 1101118111 PERSONNES ET DE 1111111.

11100018, v. 8111111111 (11111111).
11100018 (11111161), 111, 372.
11100018 (11111111 de), 1, 210.
1110011018, 111, 329, 321.

11101111 (111), 11, 173.
111111111111111111111111111 (1), 111111

wwfflwmmfflmm

1111111111011111.11111110111111).

1111110, 11, 239.

1111110111111111 1111111, v. 1111111
(8111011111111), 111, 230.

535

Μψωωωωῃω.

111Ν1 (111111 de), 1111111111 61 Mes·
1111, 1, 286, 292; 11, 353.

111111111ηεί1, 11111 pour lundensis (111-
1111, 11 811111), 11, 501.

1111111111, 1, 115; 11, 9, 1111111111.

11111111(Μ11111), 11, 115.

LUPATA (Martin), 11, 538.

111Ρ18 (81111111 de), 11, 381.

111Ρο (113111), 111111 de Tivoll, 1, 151.

ι Lupus, bouyer du card. Borgla, ll,176.

10101 (1111111),11111111101111, ll, 163. l 1111111111 (11111311), 11, 689.
Mffimmfflwmmw

LUMERA, 111, 171.

11111 (1111111 de), ll, 381.

11111 (3111111111 de), 111111 de Nicas-
111,1111111111 1111111111 Sallu-Ange,
ll, 175, 268110.

11111(11111111111), 1111111111, 1111.-
111111 (11 8. cyriaca· ln Thermis, 1, 29,
69; 11, 87, 95, 96, 101, 105, 181193,
191. 200, 221, 211, 216, 217, 260, 265,

mmmmmmmml
mffimfflffiffifflm:

391, 395, 396, 397, 398, 100.
1011111ἑ5811111111 de), 611111 de 11111111,
, .

1118111011,1111,1,3, 105, 106, llll, 111.

1110011111111 (11111111111111111. de
1111. apost„ 11375.

11100111111111 (01111111), 1111111111
1111, apost, 11, 287.

1110011111111 (1111111), 11111, 335,
168, 161 ; 111, 157, 168, 229, 10511
pamm.

1110111111013111 de), 111111 1111111
(Dalmatio), 111, 327.

1110111110 (11111111), 11, 183.

11101111 (1111111), 11, 183.

111010 (1111 de), 11111111 (1111131,
1111111111 pour l'Allemagne 1111111111,
11, 351, 357.

memiensis, 1. 8111111111.

111111111ηεὶ111νά, 1. 8111111111 (0111-
111111).

’ 111001, l, 3.

,11111101 (11111111), 11, 512.

’ 1111111111, v. Pierre.

Mans, 1111111111 du 1. de SS. Pierre
el Marcellin, 11, 10, 233, 235, 211, 218,
1111111157, 113, 111, 111.

LUXEMBOURG (de), 11111111 81111-
Ρ111, 11111111 cardinal, ambussadeur
11 Franco, 11, 218.

111211 (hequen (11), 111111 1110111111,
11, 366; 111, 225.

11010111, 1, 530.

11011, l, 530, 511.

11111111111. Limen'ek.

LYON, 11, 320.

1101, v. 1111111(01111111 (11).

1110111011111111111 (11), ll, 185.

MADHIT (11111111), 11, 381.

1111111118οΑ (1101111118), 1111181111.
Dragajes (lacques de).

11111111111. lllodrus-Zengg.

1111111(11111111), ll, 381, 182; 111, 271,

1111111 (11111111), §crinin apost, 1,
212, 216.

1111811 (113111 (11),11, 183.

Μ18111 (1111111), l, 223.

MAFFEI (111111), 11111111811111111,
lI, 281, 351, 378, 510; 111, 316, 325,
326, 333, 331, 336, 310, 369, 381.

111111(Ν111111), 1111111111 plomb, 11,
283, 180, 537.

1118111(11111111)11111111111,1111,1, 12,
321, 192 ; 11, 103 111, 131, 1111111111.

11101801 (11111 de), 11, 537. 1

1110111111, 1111111111 11111111, 111,

(11.

 

