DES 10113 DE PERSONNES ΕΤ DE LIEUX.

FLORENTINS, 1, 281, 530; 11, 220; 111,
209.

11101103 90 1110111 (1019199), 90011901
091919, 9101019919 09 111990, 999009
00 090191190919, 919199900901910090,
119099 00 0900 90 1110099, 1, 430, 433,
553; 11, 96, 238, 349, 377, 482, 539;
Mfflfflmffiffim

FLORES ou 1110111(81900919),119091191
00 0909 1191190019 VI, 990000 09
11901, 11, 4093 111, 302.

1110111110 (Pyrrhus-leun 09), 303.

FLORETI (3911191909), 9101090091ου
vatican, 111, 159.

FLORIDO et FLEURY (1119199, 111911),
999009 09 1901 9109 30111, 9190999009
09 0999099,090119109 9991919110 01-
lex. Vl, ll, 23, 29, 07, 105, 192, 210,
220, 240, 271, 271, 275, 277, 290, 334,
Qffiffiffiffimwm
490, 070.

110111 (1119119 09), 09101019 099 mineum,
999009 910 00 1190090, 99101091-019919
09 33. 099019 et 090190, 1, 283, 342.

1111101330, 010 09 1190911 09 San Seve·
rino, 1, 171, 03.

1111013101, 01909910, 11, 521.

111110801111909919909), 11, 484.

1111110113, 11, 211, 215, 218, 219, 230,
291, 339, 353, 358; 144, 134, 151, 152,
230, 250, 255, 259, 200, 201, 202, 203,
279, 284, 325, 320, 435, 444, 445, 450.

111111οΕ, 1, 19, 73, 138, 111, 204, 209,
218, 284, 291, 314, 302, 305, 483, 538,
544, 217, 229, 231, 241, 360, 435, 460,
495, 501, 512, 520, 549, 504, 507, 044;
111, 35, 41, 00, 82, 155, 188, 300, 307,
309, 311, 319, 371, 395, 440, 441, 445,
454.

1101108300,911999119109391010990090,
111, 190. -· ¹

111110101131111-11101111, 1, 200 ; 111,

1111101113 (Gabriel 00), 999009 01199-
919, 1, 310, 320, 419, 421, 423; 11, 00.

111111οΕ3οΟ (119), 0910ἰο19910, 11, 446.

1111108300 (01999001), 9911091, 1, 148,
211.

11111Νο11300 (01999001),991091101009119-
0111909 3910111909, 111, 205.

111101301113, 1, 212, 228, 229, 244,

521

19100999 (nominique) 1010100010

91919οτ00 01900-0990091, ΙΙΙ, 82.
111111013οΙ (3191909), 1, 102.
111111013οΙ3 (19010 09), 9111010100111,
1111101030ΰὸ, 019190919119, 111, 309.
11111100 (1199190), 999009 09 1199100,
ὤῶωψωμω.
1111110013, chambellan 999191, 11, 203 3
1111011713, sous-diacre, 111, 375.
1111110013, 999009 09 11909119,11, 404.
1111110013, 90099990901 00 191 099119·

109100, 111, 323.

11110013 0109001, l, 423.
1111001311, 009 09 3191490001, 115,
11181οῗ13 (39101), 1, 13, 110.
1111110013 11133138, 11, 291, 295.
1111110013 1, 191 00 Franco, 1, 554.

1111110013 09 1910199900 01101009
09119 Ρ9119, 11, 27.

1111110013 09 Parme, 111, 359.

11111Νο013 09 Ρ99919, 9190999009 09
Zara, 111, 380.

111111οΟ13 09 319009, 11, 108.

1111110013 09 3091919, 111, 200.

11111Νο013 00 Τ91909, 9000910, 111, 389.

111111οΙ0111 (1990-111009919), 09 109-
0090, 1, 519.

111111οΙ11111 (1011909 111119), 999009 09
119099, 11, 111, 112, 113,121,129,130,
144, 152, 159103, 104,100.

1111113110110 (1019109), 111, 303.

1119900, 9. 1119099.

8111311111 90 Tusculum, 1, 33 11. 180,
QMffiffimffi

11111301Τ1, v. Sangiorgio (1010990).

111111Ιο8011 (1101019 09), 01109119, 019-
901901099 119190 0109010, 11, 340.

1113034110, 9019901901 099 191. 90991,

1111101111Ιο 111, 191 09 190199, 019 001191-
0009 1990109000, 09, 11, 0,
11, 82, 89, 109, 335, 330, 339, 372,
402, 408, 491, 500, 545, 548, 071, 072;
111, 05, 68, 154, 155, 2111861371, 438.

111130011Ιο 111, 90091901 0111909009,
1, 3, 72,131, 135200, 240, 3011, 388.
390, 392, 4029 11, 70, 84, 185,180,

( 311;111, 25, 55.

 

