540 1110011 00110011 111110011000

MICHAELI (10011, 1101100 00 Porto, 011-
011101-01111000 8011111030, 00 11110 00
80101-Μο1001,1,1, 16, 21, 28, 17, 51, 72,
91,110, 127, 152, 138, 201, 209, 227,
261, 202, 203, 201, 271, 283, 280, 301,
307, 312, 317, 325, 331, 332, 312, 300,

7010011100, 11, 352. 31000οἯοη010 en
1’13110030101-1111010100, 11, 322. 510100
0 super 1000111100 ad dexteram 01111110
Mediolanum, 11, 312.

111111Ν (duo de), 1. 3101110 11000110),
00010000 00), v. 80011100.

377, 383, 385, 398, 111, 125, 120, 137, 1 Μ11111 (0111000000ου1 00 000 de), 11, 391.
110,151100100110,1005001101, 1111111111. 1111111111 (011 11111111
510, 050; 11, 1, 01, 24, 30, 35, 41, 11, 4 1111111111. 1).

230, 233, 235, 210, 215, 217, 259, 201, . 1111110 1110101101οἰ0, 00 3001011001οε
001, 001, 244, 249, 011, 0100111000, 1 Rome), 1, 241.

341, 010, 010, 000, 001, 000, 001, 001, 1 1111111 11,-11101111 1011, 00. 00. ,
101, 412, 415,449‚ 101, 0001010011, 1 1111111(111111),11111111111111011111, ‘

553, 557, 575; 111, 56, 03, 71, 77, 4 11, 429,130.

81,121, 122, 175, 221, 211, 338.

11Ιο1111111, 00 701010 Teutonique, 1111100
0110000010. 111, 85.

Μ1οΗΑΕ1, 300101000100 Rome, 111,

1110111111, 0011011101 00 30101010, 111.

1110111111.οο 00110011, 130, 350, 358.

1110111111 (11101110),0110130111101, 111, 212.

1110011111Ν100100), 0101001 1111111011, 11,
277, 279, 351.

0100010770, bravo 00 service 00
Cesar 301310, 111, 230, 231, 231, 239,
219, 322, 329, 111, 115.

MICHELOTTO 00 3010110, 111, 350.

Μ101131οΖΖΙ 1111000101, 11, 010.

MICHESOLIS 4 1101100100 de), 11, 539.

MIDDELBOURG4P4114 001, 1111100 00
700000110110, 11, 295, 297.

11110οΝ1003 (010110 de) 0001 00 501111-
01030110, 111, 302.

111110, 1, 3, 73120, 110, 110, 117, 119,
105, 259, 200, 270, 315, 302, 305, 110,

, 111, 111, 181, 522; 11, 123 221 211,
310, 312, 333, 338, 175, 511, 530,
ffimQfflmffimm
508, 509, 570, 571, 575, 009, 621,
023, 021, 620, 027, 028, 038; 111, 11,
12, 75, 172, 212, 220, 010,

Μ111Ν, abbaye 00 301111-001110,111, 317,
0111100001101010 00001, 11, 311, 000·
1011110 00 101, 11, 322, 0001011100 8011110-
Μο1ἰο 000 01100011, 312, 352, 131100
801111-11111110100, 11, 321, 322; 111, 317,
11031101 5011110101110 in porta Vercel-
111111, 11, 311; hospitale Novum in porta
Romana, 11, 314; portes, 110010, 11, 313,
Ρο11011001110, 11, 3151101111 1101111100, 11,
315; porta Romana, 11, 330; porta

1111111118, 11, 203, 502; 111, 110.

111111Νο (1000100101, 0101100 00 31-
301110, 0110. 1110110 des 4 5011110 001-
1001110, Ι, 1, 500; 11, 131, 520, 521,
553, 557, 572, 570, 008; 111, 07, 291,
317, 373.

MILENA (3.1, 11, 383.

MILET, 1. 301010110011000 00110).

0111171 (Calabra), 1. 1110001 (0101100101.

MILLING (Thomas), 0101100 (1710100100,
l, 257, 258, 259, 201.

MILLINI, v. 11011101.

Μ11ΟΡΟΤΑΝΕ11818, 1, Georgius.

MILON (1111011110), 11, 188.

01001000101. Mende.

MINERBETIS (Thomas 00) 010100100-
10111111, 11, 8.

11101170 (San), Ι, 170.

ΜΙΝ1170110101110 00 3101110100 00 ¹

8113110100, 11, 289.
11101170 1110001100 01 30010011013101,
011111110021100110110 00), 100101 00 00101001

301310, II, 176.

MINOH 1100111, 11, 370.

111Νο711008111011011010), 1001100011 ,

Milan, 14421.
111Ν1170111100110001, 1101100 0113001,
128.

MIRABELLIS (Antonio 00), 0101100 00 1

1011010, 11, 103.
ΜΙΗΑΝο11Β1111110100101,11, 370, 177. 4
Μ1111Νο01Ε11111101110, 0011110 00 101, 1,

00, 101, 000, 001, 110110, 11, 000, }
441, 417, 445, 000 111, 110, 110, 011.

010100010111111111 00 111), 1111, 125. ,
Μ1310001311000-01000010 Ρ10 00 111, 4
1,550; 11, 793 111, 112, 502, 503. ’

 

