INDEX 6111111111. 11ΡΗ111117161111

DES NOMS DE PERSONNES ΕΤ DE LIEUX

Les 11111111 romulus indiquent 11 volumen 111 11111111 arabes 6111111111 11 page.

”wc—.-

I

116111 (0111111111), 1, 351. 100111 7111118331, 111, 116, 118, 256.
113111 (11111), 1, 351. 100111 11111, 11, 170.
11660110,1.81)331(Ν111111). 1001111111 (111611 1111111111 6), 11111-
1310111 (81111166), 1111111 61111 en quis de Martini, grand 1111111111 611·

01111311, 11, 216. (1111111111, II, 118.

1611171110 (1111111111), Ι, 527. 100111,·1.Β11111 (1.).

1861111110. 10111 (1. de), 11, 285.

138011. 7111111611 11; 01111111111111. ,10111 (3111111), (111161 6111311111, 1, 130,

1611111111111111111. 1331 111, 371, 372, 375.

166111111113111111, 11, 610. 10111 61 Genea, consesseur 6111111111

1013111011 (0111111111), 1, 388; 111, 231. VIII, II, 615.

1110017111), AeconIIs (61), 61111116, 10111 (61111111), 11, 35.
61113111081011111,[1177123513ἳὸ. 101111 (61111111), evaque d’Isernia, 11
381, 181, 186, 512. 163.

1000171 (61), 1111111111 (de ), Pione 1001 (0111111 6), 11, 569, 570; 111, 150.
6’111111,11161111116111111111116111. ΑΜΑΕΕΝΒΙΞ, vois Ajmio. ,
1611, 1,315; 1196, 310, 376, 130, 11101110 (13111111), 1111111111 61
171, 588, 557; 111, 305, 327, 377, 386, 611111, 11, 18.

111. 1001110 (0111111111), 111, 335.
1110085101, 1ο. 1111111 (1. 1.),111111111 Genea, 11, ·
1063118 (8111111161), 1111111111 611- 8, 18,

10111111. 321· 1111111 111, parent du 11111111 1111111
1061161121, v. Ρ111111ἰ(1111111111). carafa, 111, 282. .
101631. v· 301110111101111 Cortesi 1111111,1.1111(1111111111111111111131.

(Mon)- 1111111110 61 11111111, (11111111111161
Acmonensis, 1. 111111. 61111, 11, 517; 111, 89, 268.
³ ACHERIGIUS, 11, 152. 1111111111(11161111111), 1111 (1111161111.
1111111111111,1.111111111. 1111111111 (dux) v. 011111 (11111111).
1011111117, 1, 525, 530, 516. 1011181111, (111111, 231.

ACIE (1111111111 61), ΙΙ, 373, 178; voir 111111111111118111111, 113.
11111111111111. Aetnensis, v. 11111.

100111 10117031, 111, 118. 1611111111, 1. Aire.

100111ΡΕΝΒΕΝΤΕ,Ι,260,558; 11,212; 1011061718 (J. 11. 61), 111, 300.

111, 231, 663. 1011001610 61 1111111, 111, 319.

 

