Ι 554 INDEX 08881141. 4188488110118

8401188, Ι, 127; ΙΙ, 205, 261.
1140888, v. 1000100; 4101101 (4011011);
’ 80001110800000).

· 11401188 (0101101. 00), 111, 450.

1140888 (11000010 00), ΙΙΙ, 836.

8411141818 (1111101010, 1101101010) (10000),
00150000οε01 00 11001011Ιὶ00, ΙΙΙ, 208,
ffiffiQOffi

1141841818 (8001110), ΙΙ, 287, 587.

1141841818 (81011000), ΙΙ, 480.

8418811118, cardinal sous Pie ΙΙ, Ι, 284.

11488811181100100), 11010110 001010, ΙΙ,
377, 379, 485, 538, 541.

8411881111 (00111), ΙΙ, 481.

1141101180, v. Remolino.

11480081(4110000), ΙΙΙ, 452.

11480081 (Gabriel), 001010100οε 111-
110010, 010000 04311, 0014010110 00
8010180130 01 80001100, Ι, 4, 15, 24,

28, 80, 51, 110115, 116, 124, 127,
148158, 174, 170, 189, 206, 212, 213,
214, 216, 217, 228, 496, 497, 498, 502,
508, 510, 512, 516, 518, 519.

11411118, 0114, ΙΙ, 10.

1141124110 (81011000), 001111010οἰ11 00
810110, 0110001010 00 810100 (40001110),
ΙΙ, 395, 398, 510.

11484110 (41010100 00), 111, 380.

84811481, 010000 00110111, 11, 61, 62,
222, 412; ΙΙΙ, 91, 180, 205, 838, 384,
340, 841, 344, 347.

11488481 00 81011110,1100-010]01001110 00
11011000, 1, 477.

11480114,1.1000(810ος010);00000100;
001010 (Troilus).

8411880888, Ι, 76, 77.

· 8488808881.8110100013(οω130000).

84118888, Ι, 523.

11418888, 1. 1101011010 (81800100).

RAVENSTEIN (Philippo de), ΙΙ, 496; 111,
172, 197.

8414188818 (000000), 000101 00 0010.
80131011, 176.

8414188818 (0011100100), 111, 238.

8414188818 (10000 00), 0110001110 00
11ος810 en 1001501010, 11, 307.

8411188818 (11ογ01000 00).

8484181110, Ι, 522, 111, 270, 273, 290,
301.

84184180 (10 0010.), 111, 293.

80000000801. 1100111010.

88084841811818, v. 1101010 (1010100
80000 00110).

11801118 (1000 00), bouyer du 0010. 801-
gia, 11, 176.

1180111810, Ι, 4, 12.

8000000010 (0000.) v. (101116 (11011011).

1180010, 00 0010510, 11,856,1, 100011.

11800181. 111001 (810110) 11110101(801· ᾖ

nmio).

1100010 u 1111111011,1,00,01, 11. '

128.

1180010 (1000), 11, 370, 47181318.
1180010 (800100), 1, 2671 11, 377.
11091000(001·0.),1. lsuagli, 481, 538. .
REGIS (Thomas), 11, 287, 368, 375, 488,

11811 (4000 00), 410000 00 11101100, puis
d’Angers, 1, 430, 482, 434; 11, 450,

118411οΙ0, 01100110, 11, 455.

118410118001011101100), (11000010), 01-
04014000 00 80110010, 00101001, 00101-
0101101001ἀο 1431100 00 8410000, 111,
121, 124, 254, 258, 259, 200, 263, 205,
267, 270, 274, 275, 277, 285, 288, 202,

001, 1110000001, 000, 001, 011, 010, ÷

820, 857, 373, 449.

88801180 (8101101), 111, 270, 801, 329.

BENE, ΙΙ (000 00 10110100), 1, 201.

RENNES, 1. 001110 (11011014).

1180118808Νὸ (4000), 8, 320.

11881 (10011), ΙΙ, 288.

11814 (80010 00100010010), 111, 185.

1181181111 (4110000), 010001, 11. 348.

11811410 (4101010000),11, 375.

11110888, 1, 20, 21, 136, 141, 385, 507,
528, 530, 534532, 583, 584, 535, 538,
539, 541, 546, 547, 548; 11, 91, 98.

11110888,1. 11101110 (11010 00).

11110888 (grand 0101110 00), 1. 40500000
(810110 d’).

1140010000 card„ 1. 4011000011 (8101100).

1114810 (0011101100), 00010000 00 10111,
ΙΙ, 579, 580; ΙΙΙ, 10.

1114810 (00001), 010000 00 8100, pu·
111010110041000110110, 111, 390, 401,

11141110 (0110101010), 11, 611.

11141110 (40101110), comto 01010Ιο 0100

11881011 (4010100),0011030000801011010, 1 10111, 1, 16, 304, 500, 501, 516, 518,

1,35, 135, 181; 11, 503.

ffmfflffimwmm

 

