516

19115959, 919, uuo, uer, 1119,
198, 216, 280, 281, 306, 321, 327,
333, 355, 375.

0118101 (019199), 1991119 19119 8919999,
ΙΙ, 83; ΙΙΙ, 5.

0118101 (0199), &reque 19 Teano, Ι, 90,
155, 156, 290, 397, 108; ΙΙ, 611.

0881111 (19919), Ι, 190, 519, 520; ΙΙ, 336,
577; ΙΙΙ, 78, 222, 230, 231, 231.

0118101 (11199119), 9191911999 19 819-
19999, Ι, 20, 21, 125, 233, 217, 259,
271, 275, 277, 290, 317, 398, 153; ΙΙ,
227, 581, 610; ΙΙΙ, 230, 231, 266, 281,
293, 306, 380, 382, 383.

0118101 (01131919)(699111901131919),1, 16,
17, 168, 182, 210, 191, 500, 510, 575,
576 ; ΙΙ, 82, 81, 108, 111,129,113, 159,
161, 168, 175, 176, 182, 211, 238, 330,
353, 365, 620, 021, 622, 623, 625, 626,
627, 628, 629, 632, 639, 611, 612, 613,
611, 615; ΙΙΙ, 236.

0118101 (1991119199), ΙΙ, 219.

01180 (Alexis), 3991919919119 8919399,
ΙΙ, 301, 302, 303, 301.

01180 (1919919), &nuque 1191911919, 99
Crete, ΙΙΙ, 305.

01180 (01199119 191), 1, 523, 521.

(urso (1999 uu), 1, 599, 521, 522.

ORTA (119119) (9199119 (Ι), ΙΙΙ, 77, 281,
301, 309, 359, 129.

01111, 1. 81991 (89911).

0111861 (1999), procureur de l'uudienuu

11611 (119911), ΙΙΙ, 110.

1168 (191119 19), ΙΙ, 371, 178, 536.

Pacensis, Fauentinus, v. Badujoz.

110008, Ι, 28, ΙΙΙ, 135, 199.

110008, r. 8911911(119119);119999(81-
0991199.

110008 (11999919 19), 919991 99991919-
1191, 919991 des pauvres, Ι, 93, 115,
126128, 130, 131, 290; ΙΙ, 13.

19199919, 1119 19199919, 1. 99 nom.

1111011118(11919199 de), 11, 22, 11, 65.

11110181810198919), ΙΙ, 176.

1111810 (19399119), 11, 178.

11111111οΙ8 11,-19119 19), ΙΙΙ, 303.

1111118 (11991991), Ι, 116, 388, 600.

INDEX 68081111 111818811008

des contradictum, 919999 (19 Puteum·
1, 267, 268; 11, 283, 381, 178,188; 111,
252, 281.

01111118 (8910191991), ΙΙ, 182.

01101810, Ι, 152; ΙΙΙ, 185.

011οΙ810 (119119 d’), 111, 320.

088110, 1. 19111.

08100, 1. 6119119111 (Ρ9119); sinibaldi
(1919199 039119). ’

08118, 1, 3, 182, 221, 373, 371,382; ΙΙ,
6, 7, 82, 81, 186, 200, 211, 357, 358.
359, 365, 366110, 113, 133, 507, 621,
622, 625, 627, 628, 629, 632, 633, 616.
617,662, 663 ; ΙΙΙ, 306, 307, 310, 332,
350, 351, 368, 386, 387, 117, 118.

08118 (19199991), ΙΙ, 190.

Ostiensis episcopus, 1. 1191919 (Julian
19119).

Ostiensis episcopus, 19919 pour 0919-
99991911, 10, ligne 19 : 1. 69911911
(61191199).

011100, 199 de 8911919, 1351.

01111018, ΙΙ, 175.

0111113011, ΙΙ, 292.

01191“9,0119·ι“9, di Lutario (8199119919
699119), v. Castro 0119119.

0111111011, ΙΙ, 292, 318.

0099199919, v. 0199999

0181108111199999), ΙΙ, 182, 538.

-001800 (119119 1) 93991 19 61991

. 9999, ur. 321.

PALATIN (991919), 19 111119, Ι, 150; ΙΙ,
377; 111, 110.

11111118 (1. 19), ΙΙ, 285, 373.

11111100 (1911119909999199119 191
, 1911119199, ΙΙ, 628.

11111108, eiu, Ι, 110, 321, 339.

11168011 11081111 (unu), p. 9. 091
1919919191, ΙΙ, 331.

11181, Ι, 558.

1111111818 (abbatia), 1919, roy. 19 119-
9199, ΙΙΙ, 371.

1118010608 (19119), desputo 191119Ι
1191, 238, 272, 281, 2971 ΙΙ, 65, 101,
125, 515, 558, 667. .

1118010608 (6911199199), 1991911919 ,

 

