088 80118 DE PERSONNES ET DE 118011. 501

6111111111, ΙΙ, 381, 185, 512; 111, 175. 8081808 (1,), ΙΙ, 285.
8000181888 (11111161), ΙΙ, 286, 371, 8088801188818 (1111), 1. 8131113
178, 535. (11611 6’).
8000118111 (81111111), 11, 50. 808008 (8111111161), ΙΙ, 367.
8000111101 (0111311), voit 8111116111 80888818 (111111 61), ΙΙ, 510.
(Georges). 80801188818, v. 11111113.
8011011881 (0113111111, 177. 80801811, 81131111, ΙΙ, 77.
800011801 (1.-Β.), 11111-61111181, 103, 8080888Ιὸ (8111111), ΙΙ, 383, 178.
101. ¹ 8113111111, v. 8113181181111111.
800011801 (8111111), 1111111, 11516. 80808808 (pierre), ΙΙ, 181.
8000180 (8111111Ιὸ111 61), 11371, 381, 80800 (8111111161), 11111111161111-
1811509. 61111 savelli, Ι, 116.
800010 (1111111), 1111111811, ΙΙΙ, 212. 808008, v. 8111111111(Ρ11111111161).
80000101110,Ι,335. 808008 (1111 61), ΙΙΙ, 269, 272, 273,
8000081 (01111111), 1, 29. 281, 308, 323, 359, 368.
800008101, 68. 808008 (81111161), ΙΙ, 378, 183, 539.
80011(0118111111),11, 387. 808008808, avocat 11111111111, ΙΙ,
80081108 (8110118111), Ι, 365. 266, 108; ΙΙΙ, 80, 115.
80811181 (1ο), ΙΙΙ, 283. 80818008 (0111311), &crimin aposto-
80811181 (Ventura), 1111111 1111 61 011111 lique, agent du pape 1111111611 81111-
61 01111111, puis de 811111, 111116111 (1111 61 8111111, Ι, 186, 186; 11, 202
chambre apostolique, ΙΙ, 281, 319, 525; 205, 206, 209, 621, 622.
111, 361, 117. 8080081 (011111),11131161 vieni, ΙΙ,
808110 (christophe), 1111111Ιὶ11 61 557.
Rome, 1,111;11,211,118,132. 8081818118 (81111111 61), (111161 61
808110 (8111111161), 6113111 81111111, 11131,3111131111111111111111161 Phi·
11. 517. 8111118111, 111111 61 81111111 11
808110 (11), ΙΙΙ, 379. ’ 61 01111, ΙΙ, 512;ΙΙΙ, 355.
80811081, 1201. 8088180 (Thomas), ΙΙ, 161, 166.
801180, v. 811111. 80880108 (8111111), premier 111111111-
80101818, 1. 81131111, ΙΙ, 77. leur 61 Rome. 111, 113.
8008118108, v. 81110611. 8081810 (01131), 1111181111 61811-
8008011181(Ρ111),111111116181111, 11111, bouyer du cardinal 811311, ΙΙ,
Ι, 300. 176.
800801001881 (8111111111), 11161111, 808118 (8111111161), ΙΙ, 181, 511.
11, 561. 8088108888 (01111111 61), ΙΙΙ, 302.

0

018110088οΙ8 11 0188111088818, 3 6111113111 61 811]111,111111111611161
1. 0111111111. ᾖ charles VIII, 11, 73, 88, 89.
0181811 (8.), ΙΙ, 179. ξ 0181111 (11), 11, 285,
1111111 (11.1,11111 (111111,1.1111.(1.-1.1.).
0181018888 (8116111161), 11, 372. 01881 (6113111 61), ΙΙΙ, 325.
01881100 (81611311), 11281, 379, 382. z CAFARELLI (Prosper), 11111118111111,
111111 (11111111),11,111,111,111. ἐ 1, 111; 11, 111, 111 ; 111, 15.
0100111080 (1.·8.), Ι, 290, 235. 0181811111 (111), Ι, 317, 318.
0100118118 (1111111161), 11371. 3 0188188111 (1111111111, 15.
010118 (8. 61), ΙΙ, 371, 179. ξ 0188188111 (1111111), ΙΙΙ, 15.
0188800888 (81111113 8111111111 ’ 0181888818, v. 01111.

 

