560

1101111111 (018681108110), fils d'une soeur
08 81118 lV, 818008 08 Mende, 0810.-

0101180011118 08 saint-clement, Ι,
170, 11, 20, 105;111,92,137, 309, 311,

1

⁴ INDEX GENERAL ALPHABETIQUE
HOVERE (1800106088 08110), parent du

cardinal de 61101-91801801, 111, 129.

(Jean-Louis della), 818018 (18 Τ1110,
111,121, 129.

321, 327, 329, 331. 332, 335, 337, 310, - (1880 08110), 01818108 Home, 11818 du
81101181101181,1, 121; 11,117, 165, 1

311, 312, 318, 319,351, 352, 353, 360,
363. 312, 371.

202, 629, 675, 676.

1102111111 (0011101008 08110), 01101001- -(.1810018),181800881118111,80101011· 1
010118 00 titre 08 88101-61101801, Ι, 1, 018118 08 1188811111, du 11118 08 88101· ’

ΜΜ666666
66666666
66666666,
66666666,
66666666
66666666
66666666
66666666
66666ωω6
6666066666

666666661

66666666
6666666
66666666
66666666
66666666
66666666
66666Μω6
6666666666

Chrysogono, 1, 1,12, 15, 16, 21, 28,
51. 115, 123, 127, 172, 209, 210, 217, ’
218, 220, 226, 230, 231, 211, 219, 213, 1

66666666,1

327, 331, 332, 372, 377, 378, 386391,

66666666

198. 199, 500, 501, 502, 503, 501, 506, ’

666666ῃ6661
6666666666

6061666666),ζ
66666666,,
366666661,
66666666,
66666ω661

6666666666,’

122, 175,177,178,193, 191, 195, 198, 3
mmfflmffimmffl
251,253, 251, 257, 258, 259, 262, ⁶254, 3

6666666611

66666666686861686161616300,Γ
122, 128, 129,130, 133131, 112, 113. 308, 309, 312, 317, 318, 331, 337, 339, 1
11021111818180801808118), 818008 086011 310, 312, 316, 351, 360, 361, 362, 363, f
bio, 11, 291, 323; 111, 320, 388. 308, 372, 373, 380, 382, 388, 389, 395, ζ
11028118 1811088880 Maria 08118), 010181 102, 101, 105, 109, 111, 112, 125. ³
08 Rome, 11818 du 0810. 08 61101- 1 11028118 (101181 08118), (0101081118008 ³
Ρίε118-801-11808, 61188110 8181810111 Ι 098118, 00 titre 08 301111Ρί8686» ³
08110 1101818, 111, 335, 376, 381. Ι Liens, 1, 3, 12, 10, 21, 28, 38, 16, 57, 3
110VE11E (01180110 8180810111 0890)) 71,75,112,121,125,127,113111, ³
8180118 08 811008, 08 aeques, 818118- ¹ 117,151, 165168, 170, 172, 175, 176, ,
seque 08 81801018, 8810018118οι( 11118 178, 182, 183, 198, 209, 211, 216, 228,
do Saint-Pierre-aux-Liens, vice-chan· 229, 231, 232, 236, 237, 212, 213, 391,
881181, 111, 280, 309, 311, 310, 325, 1 302, 305, 308, 317, 320, 321, 325, 326,
QffifflfflfflmffifflufflQQffimwfflffi
311, 317, 318, 319350, 356, 358, 359, 1 359, 371, 381, 385, 396, 101, 10-1, 1
66666666)6666ΜΜ66
377, 380, 382, 380, 388, 389, 390, 391, , 137, 111, 117,119,151,158, 159, 165, j
mmffiQmmmffl1ffifflffiffiffifflfflffl
101,’105,100,108, 109,111,111, 110, ÷ 191,“196, 198, 199, 500, 501, 502, 501, ¹
mffifflffl {mmffiffimmmffl}
11911888 (01130118 08118), chambellan 568, 570, 580; 11, 3, 6, 7, 8, 23, 26, ¹
smmfflmmffl. 6666666666
66Μ6666666,ω6666ῌ666.
311008, puis 08 111181, 111, 310, 355. ¹ 230, 301, 331, 316, 357, 369, 511, 516, )
1

 

