ons nons on rnnsonnos 61 6611161. 513

190, 206, 210, 216, 217, 227, 231, 236, 881888888988888816116),6116661611
238, 213, 219, 252, 253, ffi, 201, 266, de Froisingen, 11, 109.
273, 281, 285, 286, 287. 299, 302, 307, 8819117118 (1161ᾳοί1 66), 11, 285, 371,
316, 325, 339, 352, 306, 312, 317, 319, 179, 535.
320, 321, 325, 326, 312, 331, 310, 313, 8118111111 (Barrolomneo),11, 375, 178,
319, 365, 371, 376, 385, 118, 121123, 537.
. 126, 131,137,119, 151, 155, 158, 160, 8171811191 (Lazaro), ll, 187, 511.
172, 108, 199, 501, 503, 503, 501, 506, 8818888 (Dominiqoe 66), 11, 281, 181,
507, 508, 509, 510, 511, 512, 513, 516, 511, ’ ’
518, 519, 580; 11, 2, 26, 30, 38,11,17, SCHEIT (Mathios), 6196111 de Seckou,
. 69, 66, 63, 61, 92, 95, 96, 105, 2¹6, 13563516516115.
220, 236, 313, 316, 318, 358, 361, 387, 8888811 (Georges), ovoque de Bomborg,
393, 391, 399, 107, 115, 118,119,126, 111, 387.
131, 131, 110, 151, 159,Ι 195, 197, 611, 8138888088 (Roberl de), orchidinoro 66
611, 661, 665; lll, 243. Bucliinghom, ombossndour anglais, ll,
8118111 (Macrino), ΙΙ, 82. 289, 290; lll, 351, 355.
8118111 (Sylvio), 11, 182, 213, 133; 111, 88818888 (Mothieu), 1116116 66 Sion,
167, cardinal, 11,563; 11111.
SAVELLI (Troilo), ll, 189, 191. 81818888 (816616111111116 do Sion, ll,
8118111 (Trojano), 11‚189, 191. 40), 563,
8111118180, 11, 299, scfflvrs (Gnillnumo), orohov. do Saint-
811018,1,137,138, 110, 105; ll, 160, Andro, I, 231, 235, 237, 238, 2393 ΙΙ,
566, 576, 609; 111, 21, 21, 152, 171, 11,15.
172, 115. 8881111811, 1, 522,
811018 (duodo), charles-loon-Amldle, Schleowio, v. 81111616, Duerkoop (ligger-

1, 1611165. Ι 11,).

561018191919339101 1, 405· Ι SCIPIO, 111611166111661166,1, 128555, ’

811018 (Philippo, duodo), lI, 331.
811018 (comte 66), 1,171. . SClPlONE (Petrus do), ll, 117.
Soneio, v. Chorleo 11, 8811188171(1.·1.), oreque do Porrne,
8110818018 (lenonio), moino ‹lomini- 6616.,1,1, 8,10, 15, 21, 29, 17, 51, 91,
onin,l,563; 11,79,111, 115, 116, 117, 111, 112, 125,127,112,111, 116, 117,
119,151,153, 161, 162, 163161, 165, 159, 163, 166,168, 185, 201, 206, 207,
ffifflffifflfflfflQM mmmmmmfflffi
112, 227. 267, 273, 279, 281 , 286, 293, 299, 302,
811088, ll, 7, 675; 111, 210, 310, 306, 307, 308, 310, 311, 316, 317, 320,
811088, v. 861616 (Giocomo dello); 324, 325, 326, 327, 328, 332, 336, 310,
11616686 dello). 312, 319, 350, 355, 383, 385, Ι103, 106,
811088 (Andro 66), ll, 478. 414, 123, 131, 113, 119, 151, 157, 159,
811088 (1616111666), ll, 537. 167, 185, 189, 198, 516, 517, 580;
8111178110 (leon) de lmolo, lll, 376. ll, 1, 18, 19, 26, 30, 38, 10, 17, 19,
81118 (Uberi, duo de), oopilaino gono· 57, 61, 69, 87, 92, 95, 103, 105193,
161 66 1161ἰωί11611 on Flondre, 1, 200, 206, 217, 221, 230, 233, 235, 236, 215,
110, 158·, ll, 332; Ill, 14. 216, 265, 268,269, 271, 275, 277, 289,
811118 (Hippolyto 66), Ill, 301. 308, 313, 317, 351, 361, 365, 367, 399,
8180 1888170(116166166),371, 111, 115, 116,121,125, 126, 121128,Ι
8180811616), 1, 392. 161, 175, 617, 631; Ill, 31, 337, 311.
8111811180 (11,-8.), ΙΙΙ, 177, 8111888171 (Philippo), 11116 du 66166·
80111 (Andro), ll, 50. nol de Pormo, hospitalior, ll, 115. ,
81111 (8611616611166), orateur florentin, 81111118 (Georges), ll, 389, 390.
1,116, 117, Ι 8808181081 (81111616), 81271.

1616111111111111), 111, 271, 304. ' 5661611111611111111, 111516. .

ll, 9, 18, 19,118, 163, 352.

 

