524 61661 6666616 (6666666666

68616, 11, 2, 120, 258, 259, 263, 361, ) 6861161660 (866), 1, 268; 11, 670.
362, 376. 622, 680, 518, 520, 521, 661. 6861161660 (866), evaque, 6661666661, f
patron 6616 6616666. 66 6166666, 11 1

6611881111 (6.), 11, 679.

6661806 (91666), 666666 66 6666616, 11,
580; 111, 6, 26, 38, 87, 121, 162, 171,
226, 238, 239, 211, 258, 326, 333, 336.

6660111110 (8.). 11, 371.

666086 (8.),11, 679.

66111118 (66666), v. Borgia (1666).

6661118 (86666616 66), 11, 561.

, 6666068 (661166 66 86160) 6166661611

(616666), 1, 69.

6661666110, 16616 pour 8611166660,
11, 298.

6661161 (1666 66), premier 666616661 66
6661666661 66 Paris, 11, 200, 215, 221,
228, 666.

6611886(Ρὶ666),6.66666666(916666).

66Ρ,1,128.

6611666111, cardinal, 6116, 1, 231.

6611068811 (16666616), 11, 563.

6661661660, 111, 328, 326.

6616661610 (6166166), 666666 616666,
11, 383, 668.

6661688610, 6116,1,1,2,321,578,616.

(1611816 (616666), 66 86616, 66616166 66
6666666, 6661666666 66 eard. 16661166-
616,11, 156, 176.

66111116 (1166166666666 66 1166661666,
manre 66 chapelle, 1,622; 11, 13, 65.

66116168 (16666616), 666666 66 661666,
11,112,113.

66860118, 11, 505; 111, 20, 33.

6689611, 6616 66 16666666661666611,
201.

6682611 66 1166666, 6666661666 66-
166. 111, 11, 9.

6681611 ZU 1111816 1106 6111611611·
8811, 016666 66 8616, 11, 506.

6689611110, 2· 116666 66 6666666 1166616,

6688106 (16666616), 11, 381, 686.

6681160118 (6616166), 11, 50.

6611166 (66616116),11, 537.

6660861168 (11666616).

6660861168, 666616 66 616616, 66 lr-
16666, 111, 90.

661168, 11, 609.

661111 (86666616), 11, 686.

66ΖΖ11116 66 666111 (16666616), 666666

g: 81666666, 11, 375, 698, 699, 510, 523,

6861611660 (1.. 66 San), 6666616166τά6
66666-6666661, 1, 267.

6861616686 (81666 66), ornent 66
61666666, 111, 386.

GEMM1NGEN(010110)‚0m.domme,

111, 386.

68688, v. srom(Jean-11uio);1³r130³e.

6ΜΜ6ΜΜΜωῃ,ξ
66666666
fflwwfflfflmmffl}

66361366 (6,. 66), 1, 111, 115.

112, 173, 325, 333, 335, 338, 311, 342,

68688 (661166 86161-6666661),11, 331.
681188 (66611666, 61116 saint-Thomu),

66666 (marchand 6), 111, 91.

66666 (6666666 66), 11, 661.

6861811666666 66 86160), 1, 29, 69.

666616, 1, 258, 198,505,506; 11, 666
111, 366, 666, 666.

6666666661, 66, 1, 6, 6, 66, ete.

66666666 (Octavian 66), 11, 211.

6811116110 (6616616 66), 6666666666 66

roi 66 1166166 1611166, 11, 7.
(1866611660 (6166. 66), 111, 303.

6666666666 (66666666),ς6666166
6661166668616666666116, 1, 279; 11, 1

366, 367, 655, 500, 506.
68616110, 111, 153.
68611660 (16166), 111, 316.
6861161(6116166), 1, 321; 11, 50.
6861168110 (0166666), 11, 560.
6811111118, v. 66166611.
6801168 (8.), 6666, 11, 299.
68011688 (6666 66 86161), 1, 256.
68011688, scopatam 6666616, 1, 10.
68011688 (Alexandro),1vequo 66666-
616, 66 (16616, 1, 101, 879; 11, 231,260,
262, 276, 290, 399, 622.

68011688, 666666 66611166616666,11, ’

66666666
6110116118 (ligne 66 8.) 66 66 some, 1,
61161ῗὶ11816 (numan. Zoni.

666666, 66666 (616666666666 ‘

66 roi 6611616666, 111, 385, 399.

 

