33330113 DE PERSONNES ET DE LIEUX. 531

1313, uroque 11 3111111111, 1, 169, 151, 1333311333, 1, 90, 273, 279, 397, 308,

152. . 371, 393, 530; 11, 81,175; 111, 186.
11111, 11111111 11111, 11, 113. 11111111111. 1111111111. ·
1313, 111111111311111, 1, 128. JERUSALHEM (3111111-3111111), 1,1.
1313, 111111111111, 11, 163. 1333311333 (patriarche de), 11111111·
1313, 111111111111111, 111, 331. dunt, 1, 90.

1313, prieur du Puluis, 1, 179, 171. 1013313 (philippe), 11, 535.
1313, prieur 111 311111113111111111, 10131· 9111111111),1111111111111,1, 265.

Ι, 288, 301. 11111111, 111131111111111111, lire Ste-
1313, 111111311311111-311111, 11, 87, 90, i 111111, 1, 208.

92, 96, ¹ 10313333 313130103333, 111, 311,
1313133310, l, 198, 512. 312. ’
1313-1310133 11 viterbo, dominiouin, 103313 3131311313, 11, 332.

1111111111 puluis, 11, 508;111, 221. “ 10333301 (11111), &reque 311111, 111·
131331111313, 1111111111 11 J. 1131- umal. 1, 2853 11, 75, 76.

(11111, 1, 152. 1013333, ΙΙ, 566.
1313331330Ιὸ (11 ΡΙ11111111,11111- 1333113131111111), 11 Genea, parent

11111 du 1111. (11111111 11111 florere, 11 Sixto 111, 11, 238, 239.

111, 390. JUBILEI (11111111), 11, 578.
131333133013, 11111311, l, 17. 13333, ΙΙ, 332.
1313331330Ιὸ 11 31111111, 11, 130. 13113, 1, 37, 101, 211, 210, 291, 395,
1313 DE 111113,111’111111131111111- 117, 119 ; 11, 10, 220, 113, 508; 13, 22,

01111111, 11, 111. 16, 53, 51, 55, 56, 113, 111, 115, 179,
1313-1133337 11 Venire, 1111111111 180, 237, 251, 300, 332, 378,118.

11111.,1,379. 13133 11,)1111, 11, 112; 111, 219, 2211,
13131131, tyran 11 91111111, 111, 232. 291 11111. V. 311111 (Julian 1111).
1111111111111111111. norgia, 11, 177. 1111111111, uuque 1111111111,
1313 33 1111311331111111111111111, 306.

1, 138. 1311130 de 311111,1111111, 111, 108.
13133311111111), 1, 105, 1011233. 13111313 (11111 11), 111, 300.

131333 1130113, 13, 21, 25. 13111. 11111 11 Christo, 13111111 (Ju-
131333 DE 311133311311111111111, 111).

31, 511. 1311133110, 11, 815; 111, 107.
13113313, parent 11 31111111, ireque 11 131133 (1.), 11111111 apost, 11, 281.

1111111111, 156, 157. 1331011 (Ρ11111111111111); G. 31111111,1,231.
1311033, orateur du 1311311111, 111, 13371 (Saum), 7. 7111131 (011111).

37, 61, 65. 13313 (11111),1111111 11 Sepia, 1, 128;
11111111, 111111 1111. 1111111111, 211. 1111111111111.
133033113111111,1.31111111111. . JUSTINUS (Fabricius), 111111 maristo·
13110133 113 11113, 1111111111 11 91111- 1111, 11, 233, 355, 373, 378; 111, 11, 12,

vicini, 1, 309. 115, 311, 313, 321, 329, 368.

1331, 1, 1691311111. 131331333313 (3111111111),·1, 128.
1111111111111111111. 1111111111(11111111111111111.

11

111111, 1111111111111111, 111. 1, 1ο, 21, 11, 101, 111, 111, 111, 111,
31131113 (11111111), 111, 75. 337, 338. “
3333311333 (11111), 1111111111 de Kle-zrroulfl (Pologne), 7. 31111111
’ 31111311111111131111111, 111, 112. (1111111).

1133011. (John), 1111111311 1111111111, 113313031οΗ, 1, 3111111111.

 

