510 INDEX 8111111861. ALPHABETlQUE

8180 (1666666666),616666161161666, ¹ 227, 213, 259, 276, 318, 320, 332, 352,
661616616616 6666 6666 lencm 61666- ( 359, 361, 362, 363, 365, 371, 375, 398,
1166111111, l, 16, 17, 51, 57, 196, 197, 3911106109, 117, 118,121,130,131,
mfflwmmffimalfflffimmffimffiffi
56, 61, 198, 501, 503, 5066 11, 561. ( 518; 11, 13. 10, 50, 63, 69, 73, 208, 298,

8180 (161166), chambellan secret du pape , 513, 511, 523, 539, 622; 111, 21.

16166 11,111, 311, 368, 381. ⁴ 8180 (8616116),1111666Τ1166661166, 661116

8180 (8611166616), chambellan 666161, I, 1 fille du 6666166616661611666666861-
122. 1 .160666616616668166161320,322188.

8180 (1661661), 66666 61666666111111, 1 8180 (Τ66661166); 6116 6166666611111,
6166666666 66 86666661, cardinal, 1, lemme 66 86616166 1166666666, Ι, 111,
12, 28, 171,191, 192, 191, 195, 196, “ 320, 321, 322, 386, 113, 188, 569; 11,
220, 228, 260, 262, 267, 320, 322, 332, 80,.130, 507; 111, 107 .

333, 331, 336, 339, 310, 312, 313, 311, 818606 (66661666), 11, 50.

315, 316, 319, 351, 351, 361, 365, 370, 818606 (8613616116), ll, 56.

372, 371, 378, 385, 330, 100, 107, 110, 81116 (Thomas), 61666161 66616161661661
111, 115, 118,120,121,126, 130, 131, 66 1166616666, l, 120, 123130.
lwfflfflfflffifflfflffl.fflfflfflmw

163166. 169, 172, 173, 171,· 176, 177, . 81616(86116616161), 11, 177.
mmfflffimwffifflmmfflmwfflffi

578, 580, 11, 22, 23, 26, 27,30, 35, 36, 81088111(6616616), 6666666681111 61 ¹

17, 19, 50, 51, 58, 59, 61, 66, 6162, castello. 111, 111.

93, 96, 105, 103, 215, 217, 230, 233, 81081116 (86611366 66), 66666166 66 56-
ffiffimmmmmffl,bwffl9
mmmmmmmffifflmmmfflmbwm
mmmmmmffiw m

126, 128, 131, 132, 131, 137, 110, 161, 0666661116. Zeilz (Haulc-Saxe).

507, 512, 511, 518, 526, 521519, 515, cisterciensis, v. Citeaux·
5666616η666661(66666ω6616616
Μω66ωω66οΜΜΝΜΜᾞΝΜ6

83, 90,113, 113, 121, 122, 126, 129, Μ66666111(8611116161666);86061161 (1166- (
fflfflffimfflfflmffl wwmmwme ¹

mQfflffifflffimQfflfflmfflffllwa
mmmmmmmm mm
261, 268, 269, 275, 276, 278, 281, 291, 0166116171 Pieve, 6. Castrum Plebis.

295, 299, 300, 309, 311, 313, 316, 312, 0177160116, v, Toscarini (11616-661.);

327, 331, 339, 316, 319, 351, 352, 353, 6116666.
359, 360, 363, 361, 366, 373. 8111618810 (6616166), 666666 66 Ve-

8180 (166661616661611666166 66 6666 ln· 66666, lll, 86.
66666111111,1,322, 511, 518. 8111116 8681811686, 1,2; 11, 2, 131,

8180 (1661666), fille de 81666616 Cibo, 1, 353; 111, 19, 131, 161, 222, 353, 351,
385, 386. 359, 366, 102, 1103117.

8180 (11616166), sous-diacre apostolique, CIV ITA 8681811686 (6111166116 66), 116-
66666 6Ἰ6666661 11111, 666666 66 111- 116 661 6161616616 111, 66 1500, 666166
161116, 215, 216, 250, 251,253, 280, 281, 61666 66 36666116, 111, 101.

wfflmfflffifflmmcmmmwmmfflm ³
,

130, 156, 172; 198, 538. 6161666111.
8180 (Maurice), 1161661666666111111, 1, 8111116 11118688, 219.
(ἐξ, (ἒξ, 181, 230, 238, 101, 102, 105, 8162616666, v. 81116 61 86616116.
8180186666), 6166666666 66 8666666,
6616 (161166, l, 191, 192, 191, 195, 196,

ωᾞωωωωῃω
ΜΗ

8111116 V 8881116, 1, 52, 335, 336, 526, ’

 

