088 8008 08 9888088118 ET DE LIEUX. 199
8080111 (8661116) depuis 1116166616 01 808808, prieur 66 8166616, Ι, 152.

(1.6611161)ς1166-6116666861,6616616166 808100808, Ι, 257. ,
10 P0110, 1, 3, 7, 8, 10,11‚ 15, 16, 19, 80701010 (16611), 6601161116, acolyto, Ι, 1
66666666661666.
55, 56, 65, 70, 89, 9293, 95, 111,112, BOTTA (Jaeques), 6111166 66 06116116,
mmmfflmfflmmommmmmfflwffi
· 177, 178, 179, 180182, 183,181,187, ΙΙ, 9, 10, 617. ,
190, 206, 207, 209, 211, 212, 211, 216, 80008808 (66), 1. 866161661(866111611
217, 222, 232, 237, 213216, 218, 219, 66).
250, 251, 261, 272, 273, 280, 285, 286, 8000888111, 108, 109.
292293, 296, 298, 299, 301, 302, 305, Ι8000188 (0681661116), 6661616116 66
306, 307, 310, 316, 317, 325,327, 328, 01161166 0111,130,133.
332, 339, 310, 312, 311, 316, 317, 318, 80000880 (Ρ16116), 11, 538.
350, 351, 356, 361, 372, 373, 371, 377, 8008808 (66666) 1,171.
378, 382, 383, 381, 385, 386, 391, 391, 80011808 (01161166 66), 6168616666 66
396, 398100, 102103, 101, 108, 111, Lyon, 66161116161111666 8616106186
118120123,125,120,131, 131,137,1]6111611111166315 220, 11, 221.
138, 119, 151,151, 150, 167, 168, 169,1800118010 (1661666) 66161666 0611601116
170172, 173,179,186,187,190, 197, ΙΙ,581)111,.2
199, 500, 503, 505510 , 511. 512, 513, 8008808 (06111166 66), 611 16 6161111 011-
511, 516, 518, 519, 570, 572, 571, 5761 16111 de Bourbon‚ 11, 221.
577, 578, 579) 11 61111, passim (113· 80088010 (916116 66), 6116 66 8666166,
m).,1uwffifflffl
808011(11666116),1161666 6611166116616 8008118188 (Τ11611166),61611616666 66
861111666ρί16111666 0611666, 11, 59)1 0661611161), 1, 201, 225.
111,5, 113. 8008081118 (8116 66)),616116161166 66
80110111(8666116),016 66 1661666 Bor· Tours, cardinal du titre 66 S. 1116111111
gia, 11, 575. silice, 1, 1, 9, 225.
80800 1100110, 1, 335. BOURGES, 1, 553.
808οΟ 8118 0088180,11,308;Ιὶ1,220. 8008088 (916116 66), 11, 377.
80800 81111 SEPULCRO, 111, 211. 0611 8001100οΝ11, 1,290,111;11, 239, 657,
Pazzi (0661616). 800800088 (Mario 66), fille 6601161166
80111110, 11, 317. 16 Τ616616116, 111, 25.
80110101 (11161161), 11. 536. 800800108088,111, 10, 31.
80881 (116616), 1161166 d’Aquila, 1, 128, 8001011111, 11, 320.
163. 80οΑ808 (0.), 111, 216.
8011811181816666), 116666 66 86811116, BOVETUS (0219οθ01 ΙΙ, 374·
LQQQQMQQBWMWWQ
301, 305, 306, 310,313, 319, 320, 321) BRACARENSIS, v· 816116.
111, 130. 8810881. (0116111, 537.

Βοῃγ5111165111(,1,,,1,1), ,6161611116 8810081 (9661616166 1011116116, 11, 163. .

16ω1613,111,93, “ 8118001 (1166666616), 6616116 florentin,
BOSCA (pierre). Ῑ, 011, 115. Η, 210, 233, 243, 36613911 39313991
ssfflwfflmwffl ffifflmmffl
BOSSIS (1.-Ρ661 66), 66 11111611,61111166 , 8810οΙ (16616), 6661616116 61 ambassa-
861111-81116611611 116 061616 66 01166611, 1 666166116111681611, 11, 70.
sacriste 66 16 81111116, Ι, 10, 27, 30,31, 8800018001 l> 138; 11, 82, 214, 215,
32 07, 102, 123, 125, 172, 183, 205, 239, 337, 311, 352, 353, 355, 365, 558,
6666666Ήη6ηωωη6
81, 87, 105, 231, 285, 315, 120, 179, 8811οΑ (Portugal), v. (16616 11 (Georges
fflmffimffim (6
008818 (1161116666), l, 627, 528. BHAGADINO (1. B.,) 111, 303.

 

