190

nfflmfflmmnmfflmm

d'lllphonsc ll, 1111111111 311111 31111,

1313011 (31111111 1), 1111111111 ills 11
111 Ferdinand de Naples, 1111111111 11
Capcue, Ι, 117, 118, 119, 122, 123,
125; 1120, 21.

131603 (1111111111),1111111111111111,
comta 1111111111, 111 11111111, 1111-
11111 Naplea, puisrci 1111 11 1111 11
3111111111, l, 291, 296 ; 11, 13, 11, 161
1111111111
30, 31, 32, 33, 111,117, 118,120, 121,
123, 121113, 153, 151162, 165,168,
387, 153, 626, 632, 611, 612, 611615.

landon (3111111), 11,159.

131303 (1111111 1), 11111 11 31111-
nand lc Catholique, 11, 111, 123, 113,
159.

131303 (Hippolyla 1), 11, 575.

1316οΝ (11111111’),1(1111’1111111111
11, 162.

1313011111111111), llllc 11 111 Ferdi·
nnnd l, ll, 237.

1111603 (11111), iila de Fardinand 1,
111 11 Naplas, cardinal du 11111 11 S.
Sabina, I, 1, 15, 18, 212317, 51, 91,
111, 112, 115, 117,121,125,127,117,
153, 158, 159, 160,161, 162, 163, 220,
331122, 512, 513.

131601101111), 1111111111 11 81·
11111, 11, 395.

’ 1313031111 d’), 1111111111 11113,

1111111 cardinal Piccclomini, 111 11
111 1111111, 111, 200.

131603 (111111) 1111111111 311111,
prolcnclaira apostolique, 111111111
d’Aversa, cardinal diacre 11 3. Maria
in Aquino, 1, 188; 11, 97, 98, 99, 102,
101123, 131118, 119, 169, 180, 276,
318; 111, 57, 232, 263, 261, 265, 267,
271, 275, 218, 288, 239, 290, 292, 291,
296, 303, 309, 312,317, 327, 337, 339,
fflmfflffiQfflfflm
361, 333, 367, 368, 371, 371380, 382,
383, 392, 396, 399, 101, 102, 101165,
108, 101111, 113, 116, 126.

1311103 (111111 (1111111 1), 1111111111
11311111, patriarche d’Anlicchc, 11,
117, 123130, 131110, 113, 115, 150,
151, 155, 156, 159, 161187.

1111611111111111111111 11 311111,

mccx (11133311. ALPHABETIOUE

11111 11 1111111111111111 11311111,
11ρί11111 11 13111111, 117.
131301(3111111),1111111111111111,
131303 (31111111111111 dc 1111111
311111, 111, 170.
1310οΝ (311111 1) illle illdgilima 111-
phcnsc ll, roi dc Naples, 11111111 111111
Bongia, ll, 151,152,165, 166, 167,
168, 278, 279, 280, 281, 112, 611.
Acarnania (cardinalis 111,1111 1111 11
Louia d’Aragcn.
131313(111111’), 111111131111111111,
11113111(Ρ111111’), 11111111311111111,
majordcmc d’Alexandrc Vl, 11161159,
191191, 195; 111, 13, 395.
133311 latria, 1. 1111111111 (111111 11).
1330333313, 1. 01111111.
1113033ΝὸΙὸ (cardinalis), 1. Serra
(Jacqncs).
ARCHADIA, cn 31111, 1111 Ι11111111
Alexandra.
ARCHADIENSIS, 1. Archadia, 11 (11111.
1333136311 (1. 1111111111),11, 373.
1333133310 1111111111, 11, 555, 556.
1331330131 (Gui 1161111), 1111111111
11 Milan, I, 215, 216 ;11, 313, 322.
1331130101 (1111), cardinal 111111, 11
1111111 dulilrc 11 S. 11111111, 1111
camarlingua, 1, 3,5, 12, 21, 2317, 51,
56, 72, 107, 121125, 131131, 153,
159, 165, 161168, 173, 171, 171181,
ffifflmmffiwmffl
218, 219, 251, 261257, 261, 270, 272,
273, 271, 280, 282, 281, 285, 286, 361,
302, 303, 301, 365, 307, 312, 311, 316,
326, 191198, 502, 505, 506, 501508,
509, 512, 516, 518, 519; 11611.
1331330101(11111), 11111 cardinal
1111 1111111111, 1, 316.
1331330131 (Octaviano), prolonclaira
apostolique, lll, 257,258, 293, 305, 363.
ARCONIBUS (Baptislc 11),1, 102.
fflmfflffin
1311011131 (Ninnius), 111, 121.
1333 (1111111111), ll, 535.
11111111111. 11111.
111331111111111), diacre 11 11 cha·
pellc d’Alphonsc li 11 11 11 Sixlinc, ll,

· 156,177, 273.

13381, (11111111. 11 31111111, 111310.

 

