11686οΜ8 DE PERSONNES ET DE LIEUX.

SYLVIUS (66666), 666666 66 816666,
cardinal 66 861616-866166, 6666 6666

16861166 (6116666), 61666666.

16661660220, 11, 490.

16661616618118 (6616166 66), 16616616
66661, 11, 485, 542.

166801 (6116661, 66666 , 66), 6666666-
6666 6666161666, 111, 351, 355, 356.
166666661 (6116666), 6666666666 66 Ρ6-

tras 61 666666 6616166116, 1, 243, 323;
11, 41, 42, 90, 112, 123, 146, 160, 162,
176, 227, 245, 258, 265, 266, 404, 414;
111, 118, 125192, 282, 293, 306, 310,
318, 321, 330.
166866668101616666666), 11, 378, 433.
16116661 (Paul), 11, 286, 480, 536.
1611680110, 11, 320. v
TARAZONA, v. FerrIz (Pierre).
Turbes, v.¹ Aure (6166666 6).
1666166616, 6. 161666.
1686616186, 1, 128.
1686616186, 6. 6616666.
16116616, 111, 187.
16116616 (6666666666 66), 111, 417, 418.
16116616, 6.166666; 86661 (116661).
. 16116011161116666), &voque 66 Pre-
616166, 1, 200, 203, 204.
1681666668 (Paul), II, 374.
1666116116 (61666666), 6666666666 66
6666666, 11, 27, 28.
1666666666, 6. 16666666.
1681166066, 6. 11666616 (66666166 Fer-
666666 66).
1611166111 (6661116), 1, 29, 68.
1666161666, v. 1666166.
,1611611116 (6116666), 666666 66 Parme,
orateur du 666 66 611166, 1, 422 ; 11, 9,
10, 274, 279, 290, 421, 439, 513, 613,
1688118 (1.6616), 11, 542.
1666666666 episc„ 6. 1166666 (1666-
66616 66116). ¹
1616111) (6616166), 6666666666 6666·
616666 16666616, 11,Ι 514.
1611611668 (1.68), ’61116 66666666, 1,
16116 (86116166666),666661· du 6661.
866616, 11, 176.

569

16 nom 66 Ρ16 II, II, 311.
811116, 11, 81, 393.

166ΝΟ, 1, 90, 155.

166110, 6. 866616 (16666616); Orsini
(Urso).

IEBIILDIS (L. 66), 11287.

16861618 (Marcus 66), 11, 382, 487, 544.

16866818 (166616666666 66), 11, 375.
1688866161 (1666), 6166666666 'de
816666, 111, 286.

1666611118 (6116666 11), 6666666666
1166116661, 1, 110, 128.

1611111666 (66616 66), 6. 61666666 (66666
Lu 6).

1606011166, 1111666 6666166666611111,

. , 6. 6166 (16666666).

66661, 6, 61(

1611660 (66116 66), 66616616 66661, 11,
284, 377, 382, 483, 484, 487, 541.

1611660, v. 1666661618). , ¹

1611818 (6666666), 111, 335.

16116116 (61116), 6666 66 66666, 11, 317.

16666666161661666, 6. 86116 (16666).

16666110 (66161), martyr, patron 6616
661666. 66166666, 11, 208.

161161, 11, 292, 293.

161161 (1.6116 66), 11, 543.

161161, v. Fonsalida (1666 66); 86661161
(1661666); 1166666 (1666).

161111661Ν6, 1, 392; 11, 192, 339, 387,
661; 111, 185.

1681166166, 66 1166 66 Ferme, 11, 237,

, Igne 18.

TERRACINE‚ v. 6166 (6666)( 661666
(1666 66). y

1611116 861616, 11, 241.

1611116116 (66666166), 11, 374.

TEUTONIQUES (chevaliers), 1, 10, 83,
88; 111, 49, 114.

1611101118 (1666), 11, 482, 537, 539.

11161166 (16166),6661616616, 11, 365.

166660 (6666166), 6666616 61666, 111,
214. ·

1666116116, 6. 16666, 661611.

1116866111 (Marco), 666166 66661166, 11,
219.

666666, v. 6666666166).

1116868 (6666666666 66), 11, 50.

 

