566 .

810818 (Hercule), fils 40 400 40 8011,

810888(8011000-1Ιο110), fils de 001000,
ΙΙ, 9, 10, 13, 316; ΙΙΙ, 191.

810848 (4001080110), 400 40 8011, ΙΙ,
9, 40.

810818 (4040110), 411 10 11010, 400 40
81100, ΙΙ, 193, 200, 243, 244, 250, 252,
291, 308, 310, 311, 312, 313, 314, 315,
316, 326, 327, 328, 329, 330, 334, 352,
358, 392, 401, 413, 419, 454, 525, 529,
546, 562. 568, 621, 622, 628, 630, 635,
637, 640; ΙΙΙ, 14, 34, 361, 453.

8108Ζ8 (001010-80110),010000 40 4041,
ΙΙΙ, 315, 319.

8108Ζ8 (01001 1808111010 40 40110110), 011-
40000 4’80800111100,ΙΙ, 316, 317.

8108188081 (100), ΙΙ, 617.

8111110111, 1. 804014010.

8188110118 (1040), 010000 40 11014010,
Ι, 20, 21, 39, 73, 90, 128, 141, 257,
258, 261, 489, 490; ΙΙ, 18, 36. ’

8108818 (0411010040), ΙΙ, 479.

810148, Ι, 73, 111, 117, 118, 237, 475,
488, 548; ΙΙ, 197 ; ΙΙΙ, 76. ,
818888, Ι, 2, 4, 17, 19, 21, 73, 481, 558;

ΙΙ, 457, 548, 571, 576, 609; ΙΙΙ, 222,

1101111 01011111. ,011110111000

8148881188 (80011), ΙΙ, 482, 538.

8141888 00 81448888 (1001001040),
011000 40 Sion, 11, 401, 402.

814118 (Ρ10110 4080110000 40 804001,
ΙΙ, 382, 682.

8141188188, 0000, Ι, 35.

8141188181, 010000 40 041001, Ι, 5, 128,
126, 169, 137.

8141188181 (1000110800), 011000 1810111.
ΙΙ, 545, 547; ΙΙΙ, 75.

8141188181 (Ρ4111000), ΙΙ, 538

8188188818, 1. 40000.

811108, majordome du 0014. 801810, ΙΙ,
176.

818088118 (1000000), ΙΙΙ, 3ffi, 421.

818088111 (10011), ΙΙΙ, 389.

81881 (11001), Ι, 104.

818888888 (Paul), ΙΙ, 377, 481,, 538.

8181884111 (8010100 1180110 40), 011001
40 0108011 01 001010, ΙΙ, 38ος ΙΙΙ, 310.

818188481 (Falcone), 0101000040114
001101 8000101 410000001181, Ι, 16,
87, 105, 156, 267, 306, 368, 369, 115,
424, 425, 460, 466, 475; ΙΙ,,3,224; 1
ΙΙΙ, 85,,120, 325, 335, 422.

8181884111 (1000000), 1001110 40 plomb,
ΙΙ, 216, 239,

232, 234, 235, 325, 327, 443.

818888 (10004Ιί000 40), Ι, 371.

sienne, v. 1040004101 (1000), 841100.

λ818888 (800011 40), 08101010, ΙΙ, 423.

818888 (1110110110ος00 40), 1001001 400
8011000041, ΙΙ, 423.

818888 (1000 40), 1001001 400 800000·
041, ΙΙ, 423.

8108441 (000104), ΙΙ, 170.

8108441 (10011), ΙΙ, 170.

8101811080, 01041400 48010040, Ι, 72,
281, 389, 470. ·

8101811088 40 4000040018, 001011ου1
(1880010800, ΙΙ, 103.

8101811080,00010404004“ΙΙ1410,ΙΙ,297.

8101880811, 0001010110, ΙΙΙ, 357, 367.

810818 (80801), ΙΙΙ, 37.

81081118 (0411010040), ΙΙ, 484.

SIGNIUS (11001000), ΙΙ, 536.

8108088111 (4010010), Ι, 365, 373.

8101188Ζ8, ΙΙ, 237.

8101188Ζ8, 1. 8004010(Ρ10110-001100101
de). .

8148811 (800401100), 1001101001 0 Rome,
ΙΙ, 610.

818188481 (400100), ΙΙ, 384, 488.

8181884111 (11010080), ΙΙ, 25.

8181080418, ΙΙ, 202, 206, 629; ΙΙΙ, 229, ,
230, 231, 234, 235, 366. ⁷

8101000110, 1. 11180110 (110100). ¹

Sion‚v. 80401001 (8100100); 8111000 (1001); (
800010οι0 (1001);8041000101014100). Τ

81108101, 168. , 1

sipontinus, v. 8004040010.

sipontinus 00100, 1. 0010111101 (8800110).

simensis, 1110 8111101010, ΙΙ, 63, 11831. 3

8Ι1114181118(8100100), ΙΙ, 375. ,

81818, 00100 40101100 40 10 801010, 3
chevalier 40 80101-1000 40 Jerusalem,

Ι, 353.

81818, (0014. 40 8.),1.00000010 (1000).

81818, 4000801101, ΙΙΙ, 334.

81818111, 0000, Ι, 3, 5, 6, 9, 10, 12, 13,
14, 15, 16, 18, 38, 40, 44, 45, 46, 57,
58, 62, 63, 66, 109, 111, 123, 125, 138, ’
151, 186, 188, 207, 209, 212232, 233, 1
283, 284, 313, 314, 320, 344, 361, 382,
403, 415, 416, 431, 450, 495, 508; ΙΙ,

7, 30, 75, 87, 91, 94, 151, 239, 319»
364, 400, 432, 442, 575, 576, 577, 578,

 

