DES 00018 DE PERSONNES ET DE LIEUX. 553

00011111 (1011111 (11), 1111111111, 11, 0110017101,(1101111111101111111111,
310. 320, 321. 111, 108.

00111Ζο108, 11, 171, 172,173,171. , 10101187 (Thomas), 1001111111 (111111.

POUZZOLES (01111 (11), 11, 500. 1 apost„ 1, 28, 08, 281, 380,185,512.

Pomm,v.12z÷a<pyrr11s10>. Ι 111111 (11111). (1111, 111, 111.

ΡΟΖΖΟ (0110111111 (11), 11, 177. ζ 0000007708 (71111111011101),11571.

Ρ11110111710οΕ 81111111 (11 11111811, Λ Ρ110010,1 (1111111 (11), (11111111 (1181-
11, 70. 11111, 11, 172.

Ρ1110οΕ, 1, 258, 259. 0000010013ϋὸ (1111111), 111, 270,

1111111, v. 1111111 (0111111 (11); Paul. 302.

PRATO (1111 (11), 11111 1111111, 1111- 01100101811101101), 111, 121.
1111111 pour 1711111, 111111 (17111111, 00001(01111),11111110111111111011111,
((1111. · 1,(11. ·

Ρ1111708(111111(111), 1. [111111. 00001 (1111111), (0111111111 (11 01111

1111111 1111111, pallavicini (111(- ¹ 1111111, 111, 111 (1, 11, 111.
111111 0111111). 00001 (8.), 11, 283.

PREMYSL (Pologne), 1, 200, 203. 11001111 (111 7111111111 (11), (1111111111,

1111111111, 11,((1. 1111111151.

Ρ1100011Αο0οΑ (01111111111011, 11, 1201011008 (0111111111 (1101111), 11,
381, 571. 280.

2111111110111111111. PULCINlSl (01111 (11 0111111),11,380, ’

preneste, v. 0111111111. 510.

2111110111, lire 01111111, 11, 120, 0011001111, 111111 (1111111111, 1, 257,
ligne 11. 258, 201.

Ρ1110011011110111), 11, 377. PURCHENA (11111 (70111311), 1, 382.

01110 (11111111 (11), seigneur (1181111- 0080111 (1111), 1111111111 0111111.
1111111, 11011110111 de Franee, 111, 011111, 1, 218. ’ ‘
385, 387 Ρο8711111Α Ι, 559.

1011110118 (Marc de), 11. 380, 510. 0087111111 (0111111 de), 11111.

01100Ιο111080, 180, 536. . PUTEO (christophe (11), 1, 28. 07.

PRIOLIS (0111111 de), 111, 271, 303. Ρο701(Ρ.), 11, 371.

0

00111Οο1110 (cherubini), 1, 28, 08. 0010711108 (11110111), 111111 (11 81111· ,

00170011001100170110111 (1111111- Marco, 11 0111011, 11, 101.

111), 1. 1111111 (11111). 0011110001 (Sanctum), 111, 231.
000100011111),1111111 (11 comte Ρ1- 0010710071, 0010100771 (1111111),
11111, 11, 10, 01, 62. 1111111, Ι, 211; 11, 376.
11111111111 (1111111111111, ’
Ι179.

11

0111111111, 1. 0111111111. 1110011011 (3111110), 11, 382, 513.

1118087010 (11011111 (11), 1011111111 11101007(Ε1)11111111),11180.
31110113, 1, 109. 1007110110)οΙοΖ (0011111111), (11-

11111107 (1111), conseiller de Charles v111, 1111111 (11 grand-duc de 11111uanie, 111,

 

