000 0000 00 0000000000 00 00 00001. 500
000000, 0, 52; 11, 299, 337; 111, 77, 00100000 (Maia), 0000100 de

185, 320, 321, 331. ( 6100100111 01 60 61000100 VII, « 0100 ·

s 685818(6100010060),01)00010100060 prima ’ 601610000000100000100 0, 11, 175.

” visione, I, 283, 328; 11, 181, 510. 1 6111818861, 111, 19, 111.

6858118 (1101000 60), 0100001010 60 0006. 1 6111111101 (1000110001 60), 0010100
sforza, 11, 510. ( 00 tribunal de 0 Rom, 1, 267, 260.

” 68515 (100οΙ0 60), 000001 000601001οΙ, ( 681111 (800110100160), Ι, 28.

’ 1,135;11, 19, 20, 228, 312, 313, 108, 1 6118111 (61000001), florentin, III, 131.

“, 513; 111, 318, 395. 61111151, 0. .1010100; 8000001060 (11001001;

68515 (66000 60), 11, 373, 178. 60010161 1010010 (80011000 60); 600101

²³ CESIS (J‚.Baptiste), II, 286, 535. 611010010 (5100110 60).

. CESTA (Bodetia), 11, 320. 6118151οΡ88, 0100001010, 111, 313.
4'. 000001(000000), 11, 000. 000000000010000, 01000. =

⁷ 681111, 50010 (episcopus 3001010010), 1, 6881510111150.) sollicitent 60 1011000·

10. 00001, 11, 285.
CEVA (11001061 60), 60100ιο 611011, 11, , 61111151 du portugal (ordre 601111, 111.
. 511. , (6811151111115,1011000, II, 202.
³· CHARLES VIII, roi 60 Franco, 1, 138, 6Η111511111(50101), 001000 601000111-
139, 110, 111 , 112, 201, 209, 218, 239, ( drale de Reggio‚ 11, 307.
291, 292, 291, 302, 303, 315, 332, 333, I 61181510 (00000 61), June 1000100, 11,
ffifflwffifflfflfflffllffimmm
· 189, 515, 516, 518, 519, 550, 551) 11, I 61118110. Aragon (11010000), Carasa
“· 7, 70, 73, 88, 93, 97, 108, 178, 179, I (Bernardin).
182, 186195, 196, 200, 201, 203, 201, ( 61118Ν515, 0. Chio.
211, 212213, 211, 215, 216, 217, 218, 6111615 (1010000160), Chigi, III, 66.
‘- 219, 220, 221, 222, 223, 221, 225, 226, 1 61118οΝ, 11, 196, 198.
227, 228, 229, 230, 231, 232, 233, 231, “ 6111011311εο 001113101050101-11001000,

235, 236, 237, 238, 239, 210, 211 , 212, y 11, 516.

213, 211, 215, 216, 211218, 219, 250, 61110, v. Camulio, 11000110 (Paul 60).
328, 329, 330, 336, 339, 311, 311, 316, CIIIOIIENSIS, v. 1110000010.

359, 101, 111, 156, 157, 160,175,193, 68011188 (philippe), orateur du 600 60
511, 609, 616, 619, 650, 651, 652, 653, 500010, 111, 121.

’ 651, 655, 656, 657, 658, 659, 660, 661» 6111118οΝ (1106οἰ0 60), 600000 60 10000-
' 662, 663, 661, 665, 666, 661668, 669, 10100, I, 500, 510.

673, 671, 675, 676; 111, 186, 152. 6111988, 1, 273; 111, 161.
61118185 1⁰¹, 600 60 500010, 1, 137, , 6100000000, 0111, I, 7 01 passim.

128, 110111, 6180 (3600010310 600),1, 822.

6111818511 (1000-1001600), 600 60 6180(1111010)Μο1000100,00100060Μο000,

’ 500010, 11, 73, 277, 105. 600 60 1000011110, 00000010 60 Cartare,
61118185 11 DE LUIIEMBOURG, em· 1, 192.

0000001, 200. 6180 (10601), 1060000 60 1000001000, 1,
6818185 8111181688, 6116100100- 322.

00101, 111, 21, 25, 160. 6180 (8001101100), 0110 60 1006001001,
61118185 18 1811881188, 600 60 322,188; 11, 130, 118, 180.

8000305001116. 6180 (10000010), 610 6100000001 VIII,
681818560500010,01000600601010011, 1 mari 60 Μο6010100 60 16661010, 60060

111321. · sora, 1, 111, 262, 275, 001300, 030,
6818181116118, 1,231; 11, 618. 337, 359, 361, 391, 108, 122, 138150,
6111111811 01 6881111188 (1), 10001100 60 162, 163, 175, 177, 178, 181, 188, 527,

80001006, 111, 271, 301. 515, 569; 1, 321, 321, 338, 311, 318,
6111111581188611, 000100006οω 60 80- 385, 387, 101,130,139, 112, 113151,

1000111, I, 180, 181, 186. 518.

 

