1)Εὸ NOMS DE PERSONNES ΕΤ DE LlEUX.

ALEMANUS (Georgius), 11811111 111 11
0111111111, 1111111111, 111, 210, 211.
ALENCON (1111111311),11, 657.
ALENTAGIO, 1111111811.
ALERIA. 1161111, 1, 2, 73, 90, 128 ; v.
Porta (11111111 11111). .
11385110611, 1. San Giorgio (J. Ant.
11).
ALESSANDRO (111111111),11111111111111
du roi 11 Naples, 11‚82, 97.
ALEXANDRE LE (1111Νο, 11, 511.
ALEXANDRE V, pape, 1, 13.
ALEXANDRE 111, pape, v. Borgia (111.
11111); 111 el 111 passim, incidem-
11111, 1, 123; 111, 257, 263, 261, 277,
mmfflfflmQffiffl
361, 383, 385, 393, 105, 119, 151.
ALEXANDRE 1111 [Fabio effigi), 1, 1.
11111Νο112, second 111111 0111111111.
31111111 11 1111111111, puis roi 11
Ρ111311,111,120, 121, 123, 121, 132,
327, 381, 382, 391.
ALEXANDRE, 11111111, 11, 507.
11111111Νο111, 1111111111, 11, 381.
1111111Νο111 (31111111), 11, 188.
1111110111111111111111111 1), 1. Μ11-
1111 (Dioge 11111111 11); 1111111
.(111111); 1111111111 111, 318, 321,
mffiffiffimffl
ALEXANDRIE (11 11 Ρ11111),11,562; 1.
San (11113116. 1. 11).
ALEXANDRINI (Antonio 11), 111111111-
11111111111111, roi des 01111-ὃί-
elles, 1, 207. 362, 365, 391.
1111111011111118, 1.111111111ἱ111 11
111111 11 11111111111. “
111111111νί111 (1111), 1. S. Giorgio (1.
111. 11).
11311110111118, 1, 128; 111, 11.
11111111 (1111111), 11, 377.
11111113, 11 01111111, 111, 2.
11101186, 11111111111111111. 11
nath„ l, 399106.
ALFONSl (0111111111), 1, 28, 68.
1110Νὸ0,1111111101111111111, 1,175.
11618 (11111111), 11, 382.
1111111111 (1111), 1. 1111111 (1111111111
111111).
1111111011311011111111), 1, 125.
111Ρ1111101(1111111111), 11111111 11
1181111 1111111111, I, 28, 67.
11100810 (11111111),1111)11111 pavie,

187

11 Mileti 1101111111, 111111111111111
11, cardinal 1181111111 11 Achille,
Mfflffiffiffimfflffl
113, 116117.

11100810, 11111111 cardinal, 111101.

11111 (1111111), 11, 119.

1111101111(1111 1), 111, 123, 116.

1113066111(1111311111), 1111, 11, 178.

ALLEMAGNE, ALLEMANDS, 1, 20, 72,
RQWQQQQQ
11, 76, 77, 92,133, 135, 212, 292, 319,
323, 321, 112, 121, 562, 563 ; 111, 10,
11, 11, 12, 18, 51, 82, 83, 182, 367,
111, 121111.

ALMADIANUS (1. 6.), 11, 187, 513 ;

11111Ν2011111111111), 1, 382.

ALMEIDA (1111111111 11), 1111111 11
01111 (8111111111) 1, 10; 11121.

1111111181 (1110111), 1111111 de 11111111-
11ο,11, 15, 32.

11.Μο11111111811. Ba), 11‚382.

ALoNTAGlNE (11111111), 1111111311,
1,117.

11Ρ11111110(11111111), 1, 29, 68.

111110ΝὸΕά1 111111111111, 288.

ALPHONSINE, 11111111 11 Ρ1111111111-
11111, 11, 655.

ALPHONSUS (1).), 111, 311, 312.

1181011, 11, 77.

11. 51111170,111111111111111111111,

1111110111 (comte ou prinae d')‚ 1111·
111311101111111 1).

111111Εὸ (1111111111 11), 1111111, pro·
1111111111, 11, 185.

ALTAZAR (Ρ11111), 11, 373.

1171111113(1111111ο 11) (1111111),11, 379

11111110 (1111111),11,281; 111, 190.

ALTISENSIS (Petrus), 1, 117, 119.

1170318011 (0111111111) (charles 11
1111111111), 1, 130, 133.

11101111(81111), 1, 517, 518.

11111110, 1111111 11 Custodia, 11 01-
lubre, 1, 128, 220.

11111110, 1111111111 du 1111111111 111-
11111. 1111111111, 11, 110.

11111110 (3111111111111 1), 111, 325, 311,
391, 672.

11111111(1111111111),111111, ,

111, 111, 111.

 

