555 Nolle 55 5515555155 ss 5511555.
154, 155155, 155, 155, 5555555511,

225, 227, 242, 244, 245, 246, 248, 249,
fflfflfflfflffimffiffl
260, 263, 265, 267, 271, 274, 275, 276,
mmmmmmffim
298, 362, 308, 309, 314312, 318, 319,
QmQfflmfflffiffi
351, 353, 358, 364, 365, 366, 367, 368,
372, 374, 375, 380, 381, 382, 383, 395.
Qfflffiffimfflfflffl
415, 416, 421, 426, 434.

41661616 (151155 65515455 de 4555551,
Ι, 457; 11, 42, 654.

41661616 (4555551 65), l, 9, 10, 56, 62,
275, 304, 324333, 450, 451, 453, 459,
460, 461, 463, 488, 495, 499, 503, 564,
505, 511, 514, 517, 519, 520, 523, 544,
ffiffifflmfflfflffiffi
567, 11, 648.

41661616 (656515155 65), 6115 65 4555551,
1515551565 65555515 Cibo, l, 275, 276,
450, 488.

41661616 (Piens de), 615 65 4555551, Ι,
275, 461, 464, 557, 562, 564, 565; 11,
fflfflffifflfflfflQffi

41661618 (615 65 Picrre 65), ΙΙ, 655.

4166164 51555 Ruiz 65), 555155515155,
555555. 555555 64515555, 65 6565155,
65 4155515, 65 6555515, 1, 261, 286, 360,
310, 419, 430, 447, 478, 490, 579; ΙΙ, 15,
28, 38, 74, 75, 77, 97, 105, 428, 491,
515, 519, 525; 111, 174.

4164641, 3.

416461, 5. 65555115 (4515515); 6555551515
(65555515); 6555155 (1555 65511551.)

Melitensis, v. 415115.

41646666Ζ661144666 (615555555555
65 zamora, Il, 474.

4164676 (61555155 65), 1, 523.

41644161 (15556554), 555555 d'Urhinc,
card. 555155 65 1. 655 SS. 65555 51
Achille, 1, 283.

41644161 (65155), 555555 65 6551515655,
1, 99, 360, 462; ll, 283, 382488, 498.

41644161 (45555), 555555 65 65515151155,
5555555555 65 65155, ll, 478, 529.

41644161(415515),11,50,216,218,64132.

41644161 (615555), 1, 32211, 382, 487,

41644161 (Vltus), 11, 372.

4166661, 176.

115565, 5. 45515; 65515555(Βο55556155);

539

1155555 (61555551 6565); 6555511 (6511-
155555).

416666664(61555 6551565 65), 5515155-
545 64155556τί5, 5554555555 65 86-
51115, 5556. 555155 65 1. 65 551515 Sabine,
1151511, 3863 ΙΙΙ, 57, 77, 79, 82,
199, 332, 333, 436.

6666οΖΖ4 (6555556 65) 5451511555,
555555 645115, Ι, 555.

41666ΟΖΖ4 (luigo 45555 65) 555555 65
65515111, 324.

166666ΖΖΑ (luigo chcz de), 555115 65
Τ556565,5155-551 65 6555565, Ι, 210,
230, 231, 232, 236, 237, 238, 239, 246,
246, 248, 249, 252, 254, 261, 262, 272;

66660444 (Ρ5655 6515555 65), 14237.

ΜΕΝ6οΖΖ4 (95655 65555155 65), 555115-
55555 65 Τ51565, 5556. 65 t. 65 651515-
65515 65 Jerusalem, l, 4, 264, 449,
555, 579; 11, 15, 39, 73, 112, 123, 237 ;
Ill, 3, 36, 38, 41, 45, 68, 70, 71, 72,
74, 79, 80, 81, 86, 89, 90.

6664 (11554551 65), 6155556515 51555565
pont.. 51555 655 5555555155, ll, 169,
251, 350, 502, 517, 579; lll, 84.

41666164, 5. S. stld’s‚ Ι, 141.

41551555, v. 6555515555.

4466661 (Β5511151555555), l, 482.

MENZI (Picrrc) 65 11155555, 555555 65
6555551, 258, 323, 366, 368, 369, 373,
fflffiwmffimfflffl
513; 111, 14, 140, 141, 143, 208, 232,
mmmmffimmffl

4161164608 (A, 65), 478.

41666166 (1555), 11, 373.

6666064660 (5551156551, 117, 120.

6666061663 (41555565565),Π, 478.

6666611616, 352.

6666644164 (65555155), 114, 276, 302.

6611166 (1154515165), 111, 271.

6668-641166111, 111, 463.

MERULA (6556151555), 111, 271.

41666664 (1555), ΙΙ, 378.

MESSlAS (4115555), 11, 538.

MESSINE, 5, 4555 (Pistre 65).

41674, 11, 665; 114, 166.

6616416, 16172.

. 4166606555 65), 14175.
’ 4161114 (4115555), 11, 481.
4161611 (65551), chambellan, l, 345,

l 551, 155.

 

