538

MARTIN V, pape, 11, 69, 607; 111, 316.

MARTIN, 111111 616111, Ι, 6.

1111171011 (11611 1111111111111111161),
1111611111 61 11161 Naples, 11111.

018710611111116111), ΙΙ,371,179, 536.

MARTlNELLI, 1111, 1, 105.

11111171016111116), ΙΙ, 379.

11167101 (Lucas), 111, 266, 268, 327.

1116710 (Ρ11111), 1116111111 61 1116.
11111111, 282.

01117108 mons, lire MARIUS, ΙΙΙ, 256.

1111111111, v. 8111111 (1111111).

11111776 (Ρί1111), 6711111111, 1111, Ι,
116,160;11,1, 10, 27,81,237,11 passim.

111Ηο0010 (Ρ11111), ΙΙ, 512.

MARUFFI (Philippo), ΙΙ, 50.

1111101111, 1111, Ι, 321. ·

1118011101 (8111111111111617161, ΙΙΙ,
170.

1118611101 (31111111111111161 7161,
11166111111161 811111, 1, 16, 20, 21,

0180013770,1111111111111 110111111-
ris Rome, Ι, 117.

111111, v. 01111 (1116111 61).

111111 1111111111, v. 81111111 (Ventura).

MASSAINUS (1116111), 111, 250, 270.

1111111111, v. Massa Maritima 3 Massa Lu·
111111.

1111111111, v. 111111.

1111111111111, v. 111116111111111).

1111381 7111611111, ΙΙ, 131, 135.

MATALONI, 1111 Μ16611111; 11, 117,
ligne 35, v. 011111 (Thomas).

1111111111, v. 011111.

1117131220, 1116, 111, 167 11 passim.

MATARAZZO, 111111, ΙΙ, 583, 599.

11178111, 1. Ρ1111111(11111111).

1111111111 (11111111), ΙΙ, 193, 01110111).

ΜΑΤΤΕΙ (81111161), 61 Ρ16111, ΙΙ, 371.

MATHIAS CORVIN, roi 6111113111,
390; 11, 6, 33.

1117711 (71111), ΙΙ, 399,190.

6111
Mfflwmmmm

·mfflmmmmmffl

11117οΖ21 (Ρ11111), 11111111116111311111
611 1111111111,1111111111161 Rome,
11111 6111111111811111, 1111116161 card.
Rodrigue Borgin, 11, 281, 379, 185ς
111, 81, 132, 162.

111061100111111111 61 8111111, baron
61 0111111, 111111161 61161 811111,

11Αο10011 (1111), 11111, ΙΙ, 320.

mmmmmmwmQ ἒ

11101118008611111111 61), Ι, 73,110,
112.

11111111 (111116), I, 179.

ΜΑΧΙΜΙ (011111111111, 215, 312.

1111111111 (Les), 111, 336.

MAXIMILIEN, roi 611 11111111111111-
11116111111111, Ι, 20, 21, 200, 210,
216, 259, 288, 290, 291, 292, 291, 302,
303, 306, 310, 333, 362, 390, 392, 136,
137,111; ΙΙ, 70, 81, 86, 88, 103, 199,
200, 201, 213, 239, 210, 211, 213, 216,
250, 252, 291, 301, 317, 318, 321, 322,
321, 326, 327, 328, 329, 330, 331, 332,
333, 331, 356, 112, 113, 120, 562, 568,
578; 111, 25, 18, 51, 71, 112, 161, 165,
166, 182186, 191, 192, 208, 250266,
293, 323, 139, 110.

MAYENCE, 1, 20, 21, 69, 137; ΙΙ, 60.

MAYENCE (6111111161), Ι, 200.

MAYENCE, 1. 1111111161111 811161-
bourg (8111116).

1117Νο8 (11111), 1111111161 61161111-
111, ΙΙ, 9, 121.

111111 (11111161), 111111161, 1. 011611-
lius.

MEDA, 11. 326, 327, 328, 329, 330.

06111818 (Les), 111, 211.

11601018(111111111 6111111111 61 Ρ11111
1ηοὢ.

11601018 (1111 61), 1111 61 [11111111

( Μ11116111,11161111,1,333, 150, 151,
( 152, 153, 151, 155, 156,157,158,159,
111701Εο 61 811111, 111111 601111111- ‘

166163, 161, 165167, 172, 175, 511,
518, 555, 556, 557, 559, 561, 578, 580·

Ι ΙΙ, 73, 75, 125, 220, 280, 312, 313, 315,

Mfflfflmmwmmmlffifflfflfflfflssffiffl

MATRICllS (8111111161), ΙΙ, 371.

1117000Ιο8 (Aurelius) 0111111, 1111-

mfflfflfflffl·

Qfflfflfflffifflwm
5Qmfflwwmmffinm
1111111111

MATUZZI (Olivier), 611111, 61161 Pione 123, 121, 128, 129, 130, 135,136,128,

mmmm.

ffiffifflfflmffiffim

 

