111 1116111 caniani 111611111066

306, 310, 320 321 331, 332, 338, 316, 139, 110, 111, 111, 115,-116117,
350, 351, 356, 357, 363, 105, 133135,Ι 119, 153, 151, 155, 156, 1117158159,
138139, 110,111, 111, 115,116,119, 160, 161, 166, 167, 168, 169, 170, 175,
fflfflfflffi 'ffifflmfflfflfflffiffi
BORGIA (Collerandc). 1666111161, 11116 193,195, 213, 215, 220, 221, 230. 233,
16 cardinal 1616 Bongia, ll, 136, 165, 235, 236, 210, 211, 216, 259, 260, 263,
1 167. 261, 265, 267, 269, 271, 275, 280, 312,
6011011 (11116616), 16 66161, 6166 Va· 359, 386, 119, 189, 198, 590, 501, 506,
16666, 66616611116, evaque 16 Τ6166, 507, 512, 521, 525, 581, 611, 631,
1166616666 16 0666611, 66661111 611; 111,1,11, 13,31, 36, 56, 57, 67, v
d'Alexandrc Vl, cardinal 616116 16 77,113,122,131, 157,101, 191, 238,
66. Ν6166 61 Achille, puis 16 611616· 239, 255, 258, 259, 260, 263, 261, 267,
6Μ6ΜΜΜΜΜ,ΜΜΜΜΜΜΜΜ
158, 186, 513, 573, 577, 602; 317,321,322,327,330,373, 377,136.
ΜΜΜΜΜΜΜΗΗΜΜΜΑΜΜΜΜΜμωυ
81, 89, 90, 91, 92, 118, 119, 122, 1116166116 11161666616116111661111·

ΜΜΜΜΜΜΜΜ
1ΜΜΜΜΜΜΜΜ1
ΜΜΜΜΜΜΜΜ
ΜΜΜΜΜΜΜΜ,
ΜΜΜΜΜΜΜ,Μ
mmmmmm,mmm
mmmmmmmmm,

nal 11161616 S. Μ6116111 716 lala,
1199, 100, 101, 261, 268, 311, 312,

31,81,366 368, 382, 386, 387, 102, 115,
118,119,120,122,123,126131,133,
131, 137,110, 159, 160, 198, 523, 526,
530, 531, 515, 551, 553, 551, 155, 557,
561, 569, 571, 582, 111, 3, 11.

1111111115,Μ,161,311,111,111, Bonan ironic), 11, 1111611611,

321, 322, 323, 327, 329, 330, 331, 337,
339, 351, 353, 358, 360, 361, 362,
365, 367, 368, 380, 382, 388, 389,
393, 395, 399, 101, 105, 109, 111, 112,
116, 118, 125.

30110111 (0116161111),οΙ161116116116 Vl,

611166 16 Squillnce, 666116 16 Cariati,
616166616116 66 deca 16 phare 16 1166-
6166, ll, 51, 56, 65, 97, 111, 123, 130,
113, 151,152,153, 159160, 161, 165,
166, 167, 168, 278, 279, 280, 281, 102,
552, 563, 569, 579, 612, 611; lll, 20,

666616 delean 06611161, 11, 81. 33, 131, 232.
BORGIA (1611161166111-1161161116111), 111116 130Ηο111 (cardinal), 1611 60110111 (Locis)
16 cardinal Rodrigue, 16 16161 1116116- 66 (pierre-nouis).
Ι 116 Vl, ll, 608. 0011011 (16616-Ρ16116), neren 11116116-
BORGlll (1616),11161’11161116111 Vl, 66 116111, 61111111111616161111616611616-
pendani son 6661111611,166 16 Ν661, 11111611 1161611,111,67,71,76, 78, 79,
111,170,171. 82113, 111, 115, (52, 153, 156, 157,
160, 161, 161, 176, 178,181. 190, 191,
192, 191, 198, 199, 203205, 218, 220,
258, 260, 203, 261, 265, 267, 271, 275,
285, 292, 291, 296, 298, 393399, 312,
391, 392, 501, 000, 315, 310, 317, 318, 319, 320, 373, 371,
60110111 (1616), 16 Valcncc, 66166 135136.
d'Alexandrc Vl, 1166616666 16 Mon· 11011016(1661666),οΙ111116116116111,
16116 66 616116, 616666 16 06111 en 11,78,130, 185, 267,278, 279, 280, 281,

6011011 (1616), 016 d’Alcxnndre Vl, duc
16 016116, 11, 19, 69, 160, 331, 335, ’
336, 337, 311, 353, 355, 357, 359, 360,
Mfflfflffimfflfflffl

Espagnc, cardinal 6161161611116 16
6. 66111166, 11,.1, 11, 15, 17, 21, 22,
. 23, 25, 26, 27, 30, 31, 35, 38, 39, 10,
1617 58 6261 66, 69, 73,75,76,
· 77,87,103,105,106,108,113,111,
, 115,116117,118,119,120,121,122,
, 123, 121, 130, 131, 136, 137, 138,

ΜΜΜΜΜΜΜΜ
ΜΜΜΜΜΜΜΜ
ΜΜΜΜΜΜΜΜΜ
ΜΜΜΜΜΜῌΜΜ
ΜΜΜΜΜΜΜΜ
ΜΜΜΜΜΜΜΜ
mm

 

