083 NOMS 0118811301111113 ET 118 1181111.

41181180, 11, 386.

4118ΖΖο, 1, 565; 111, 208. 1161616661
1066166666).

4808810810 (monte), 111, 196.

Argentum, v. 3166616663.

411003 (1666661), ΙΙ, 487.

48018090103, Argyropoulos 116666),
ΙΙ, 26, 65, 521; ΙΙΙ, 308, 323, 346, 384,

4111 (vescovo 66), ΙΙΙ, 177.

4814818313, v, 461666.

4111111113 (1663666 66), ΙΙ, 383, 487.

omnnio, v. 86666161(Ρ661).

4111611480 (Dominique 6), 666666 66
Vononen, meurisse d’Alexeodre 11, ΙΙ,
84.

411183, 1, 20, 2173, 90, 128. 1. Cibo
(Niooles); Fortior (1666) ; Levis (8661.
66).

41110111 (86646666666), ovoque 66
1163316 66 1666166616, Ι, 20, 21, 73,
128;11,307.

411414οΝ40 (1666 d'), 664666 66 Cestros
1, 19, 90, 128, 509.

4811811181 (8666636611 66), 66 Ρ6-
66666, 111, 448.

4111101003, auditor, ΙΙΙ, 280.

48110111, cubicularius, 1, 398.

48110181 (01611666), 66666616, 11, 561.

4111011813 (Ρ. P. 66), 6661316 oposu-
lique, 11, 285, 349, 379, 384, 485,

411011 (6166ι66166Ν66166), 1, 322.

4111143, 61668663 (6666).

nunionis (1663166666), 11, 543.

4111114110 (1666666), 111, 391.

4881148888 (1. Ρ. 66), 6666616166 66
pape, 666366611616166, 1, 28, 29, 32,
mmefflwffln
297, 523.

41114 (desputo 6), 11, 234 ; 61116111, 214.

430481814116666366), 11, 199.

43048103 (6666), 6616 Storna (Asconio).

430140811313, 1166616616, 66 diocese 66
3166616663, 1, 372. V. 866616666616.

430011, 66 Picenum v. 061666111(Ρ666-
per).

430011, 66 Pouiile, 1, 1283 v. 061616
(16666).

Ι4311111483, 1, 443.

4300341103, v. 466611 6611661116.

ASCULANUS (6666), 6. 06666161,(161166). .

491

4318, ΙΙ, 81, 209.

4318 minente, 1, 539.

4318114 (666166616166 66), 11, 302, 304,
305, 306, 313.

4311111011, 1161616663, 11, 77.

43011180, 111, 321.

433138 (3. Morio degli 463611; 666ρ6 61
66666166 66 3. 16666616; 6611666166
116636; 66131 6663661318 indique
1.-0.;1)6661616666 3. 16666616 666-
1661166 3666666ς ohoveux 66 1611666
16166)611, 294, 295, 238, 299, 300,
306, 338. 1616 Coniugi (14666616).

433138 (8666664 6), ΙΙΙ, 303.

43313188313, 46616166166616, v. 466166.

43181313, v. 4611.

43181114 (Boi-nand 66),111, 271.

4311, v. Ceve (11664661 66); 16166166
(4616166).

4311 (Thomu), ivoque 6686611,11,299;
ΙΙΙ, 130.

4310104, 6616466666 (366646 66);
06666161 1166166 (1666 11616 66).

4310118, seigneur de 166666, 111, 131,
208.

4310118Ν313, 64616636.

431011108Ν313, v. 4616636.

418114, 11, 291.

nouenos (6666666 6), 6, 62616.
306, 301, 325, 326, 379 ; voir 1666 61
11166Ιί61.

41118Ν83 (11666666), 111, 335.

4111418111 (146666116666166), pne·
miei 6666666166 66 16 eumue 11666666,
11, 266.

411188418Ν313,6. 46666.

411188418Ν313 (6666), noir Jouss'roy
(6666).

41111, voir 366661 (161166); Pioeolomini
(816).

411114 (dux), v. 066616 (41166166).

411414Ν11 (nominique de), euber-
31616 6 Rome, Ι, 271, 269; 111, 73.

41181681 (866666 316661 6), ΙΙΙ, 147,
148, 150,151, 154155.

411814 (1666), 6666666, 1, 425, 431. “

4118113308 (Ρ166666’),61661423, 36666
mettre 66 166666 66 36161-1666 661666-
661666 66 1476, 66661661 616666 66 36161-
Adrion, mort 163 juillet 1503, 1, 136,
333, 335, 336, 337, 343, 526, 534, 535,
537, 539, 540, 541, 513, 544, 545, 548,

 

