DES NOMS DE PERSONNES ET DE LIEUX.

513

60381110 (Autome), 1111111111 1111011,
1191111 do 111111, ΙΙΙ, 24, 32, 35,173,

6091011(11111-Β1111111), l, 489.
60381311, 1. 3111111116.

6111111111 (11111111 de 11111111 et de), 11, ⁵

6051133113 (11111111), ΙΙ, 375.
60308111 (3111119111), ΙΙ, 375.
603001183111111111), ΙΙ, 525.

6033133118 (1111111111 de), Ι, 354, 402.
60311181 (Leon), 1111111 1111111111, ΙΙ1
6111131381 (Paul), ΙΙ, 386.

60300311 (6611111111 de), 1111 le 111111 6011111311, 1. 61111111.

1111111111,Ι,363; ΙΙ, 357, 358, 359,
360, 362, 363, 361; ΙΙΙ, 151, 351, 357.

60110033 (11113οά1),1111111111111111-
ρ13111,11,500.

6030038 (911111 111), ΙΙΙ, 269, 300.

6031101111 (1111111111 de), 111, 270, 301.

601111 (11811111116111), ΙΙΙ, 355.

603111, 1. BorgIa (Jean, cardinal de
1111111111); 3111111111(1111111611); Lo-
1111111111.

6031611, 11, 11.

60310 (3111111111), 1111101111, 11, 3, 615,

6033130 (6111111111),111111111 6111111111
de Jerusalem, Ι, 273.

6033130 (Marco) (Cornelio, Comer);
cardinal, ΙΙΙ, 57, 77, 78, 82, 256, 263,
265, 267, 271, 274, 275, 277, 288, 292,
294, 296, 299, 303, 309, 312, 318, 319,
336, 337, 339, 374.

603311Ζ1113031111111), 111, 270, 301.

CORNELII, v. 11111111.

CORNELlO (1111111111), ΙΙΙ, 303.

CORNELIO (11111), 1111110111 de 11111111,
1111111611 11111. Borgia, ΙΙ, 176.

60113131. 6011133111.

6033116610 (seigneur 111), ΙΙ, 262, 264,
617, 625, 629.

60113111 (11111), ΙΙ, 539.

60331011 (3110111111), ΙΙ, 451; ΙΙΙ, 178, Ι

179, 187. .
60316318, 1. 6111111 de Luxembourg.
60311138 (11111), ΙΙ, 377, 482.
6011103, ΙΙ, 570.
6033811 (1111111111),11, 481.
6033310 (1111161), ΙΙΙ, 72, 192, 193,
195, 196, 402.
6033310 (8111111111 de), 11, 178.
6011331118 (1111111111), ΙΙ, 376.
60303, Ι, 1281 ΙΙΙ, 96.
60303110 DE 9113631111111111·
1111111111, Ι, 423.
60308118 (11111111),111, 199.
6038118, ΙΙΙ, 33, 42, 43, 44, 45, 249.

60111113 (31111111), roi de Hongrie, 1,
200, 212, 238, 333, 335, 408; 111, 32.

COSCIARHS (Lucontius de), ΙΙΙ, 178.

60861131 (vincent), 111, 346.

COSENZA, 1, 128.

COSENZA, v. Borgia (11111611); Cibo
(3111111); 1111111111) (161111); Ange10110
111111); Pinelli (J .-Baptiste).

60861130 (1111111), ΙΙΙ, 283.

608130, 6111111 (11111111, ΙΙΙ, 421.

60811 (Georges), cardinal 111 Lisbonne,
Ι, 4, 6, 7, 15, 24, 28, 29, 54, 75, 115.
127, 144, 145, 155159, 169,173,220.
Qmffifflmffimm
285, 286, 292, 301, 302, 306, 307, 316,
317, 320, 325, 328, 332, 313, 375, 385,
399, 408, 411, 112, 418, 419, 420, 421,
422, 425, 426, 431, 419, 454, 458, 459,
ffifflffiwfflffimm
505, 506, 507, 508, 509, 512, 513, 572,
576, 577, 580, ΙΙ, 3, 26, 3310, 41, 47.
57, 61, 63, 64, 72, 87, 91, 95, 96, 102,
105, 179, 181, 182,183,185, 193, 217,
mmmmmmmm
269, 274, 340, 346, 354, 357, 387, 393,
394, 395, 399, 103, 415, 417, 419, 124,
431, 136137, 440, 451, 460, 490, 502,
503, 506, 509, 520, 557, 573, 574, 575,

584, 600, 622, 624, 615; ΙΙΙ, 3, 13, 25, ·

31, 47, 56, 67, 76, 81, 121, 135,136,
152151, 157, 161, 162, 163, 171,175,
183195, 198, 199, 203, 205, 212, 244,
246, 248, 250, 253, 254, 257, 259, 260,
mmmfflmmffim
287, 288, 289, 290, 291, 294, 295, 299,
300, 306, 308, 320, 321, 339, 316, 348,
351, 360, 361, 362, 361, 373, 380, 381,
388, 389, 394, 395, 411,-416, 119, 421,
60813 (Georges), 11911 du 111111111111·
chevequedeBraga,111‚ 161, 162.
60811 (911111 de), 111111νί111, Ι, 68.
608113111(811111111), orateur du due
1111111111, ΙΙ, 306, ΙΙΙ, 40, 293.

 

