DES NOMS DE PERSONNES ET 1161161111. 561

521, 571, 616. 621622, 623, 611, 625, ³ 6116618 (Paul do), 6611111111 116 16 26111-
mwmfflfflffifflfflfmmmmffi ,
611,616,661;111,13,16,66,113,116, 1 1111111111 (1111111161,11, 311, 333, 111,
210, 212, 213, 251259, 200, 262, 263, 1198. ,

2641 2651 2671 ⁸269, 272, 273, ΞΉ12751 ἓ RUBLE (18611), 1, 69.

116. 1116161116, 161, 111, 233, 290, 1 11661111 (1666661161),6666166661
291, 293, 131, 136138. l Tusculani, 111, 367. ’ ’

1101666 (16616166 616116 66116), 1161611 ξ 60666111 (16616116), 11373.
6681111 lv, ovoque d'Agon, 6616111111· “ 1111666111 (16161116), 11, 373.

(116116 66 16 1166111666 dos SS. opotres, ι 6011160(861111),(161161166 16 66111. 1111· ·
111, 371, 399. 168, 116, 112, 113, 116, · 1116, 11, 291.
117, 125. 61166160 (16661161), 111, 271.

60116116 (6166161), 1161611 66 111161 ,11, 6666111161661,1.6611616.
66116616116011161, 11616166 611 popo RUlZ (Martio), 66661611116, 111, 269.
Alexandro Vl, 111, 165, 166, 167,108. 1 61111(6161161),661161611116, 111, 361.

16166666661611,116. ,1 1111161116, 6661166161166.

6011160, 16116 (11166161661166). 6118816 (161 66), v. 116616 61666.

60118 (6161166166 66), 3666116661 668166666666 (16661161), 1611166611
6611163116, 111, 266, 293, 362, 381, 391. 66 lettres apos„ 11, 188.

11116618 (11161116 66), 6611661661 611 6101616116), 11, 186 .
plomb, 11, 372. 6181166666 (Ρ11111666), jugo supreme

11116618 (6616111616 116), 6116661116 66 do 66116116, 1, 258, 266.

86111-116116, 11, 562. ι

S

SABASTIGLIA, 6611111111 611 11611361, 11, 8616111616116,1. 1111661 (11166666).
216, 256. 81161166, 11, 536; 111, 151.
8166111 (cardinal), 1. 8616111. 81166116 (6166116 66), 111, 135.
mmm mmmmwo
Sabino (66111. de sainte), 1. 8111616116. 1 86161116 (6111166 66), 1. 8611616666 (Ho-
mmmmm& {mm
8166618 (16611 66), 6161616616 66 Ro· ζ 86161116 (16666616 66), 11, 172.
gu33, 66116166116666616,1116119, z Satemz'tanos 6616, 1. Vera (1661).
omfflmffimoofflwmfflfflmmmfflmmmffi
ffifflfflfflmffimmffifflfflfflmme
116,131,131,137, 151, 171, 511, 513, 1 81118 16611616611666),111, 168.
557, 582, 581, 666, 663; 111, 1, 5, 6, 8111866611 66), 111, 271, 363.
7, 21, 25, 71, 71, 75, 96, 91. 119, 129, 8111861161, 1, 257. .
136,131,137, 117, 152, 176175, 193, 81161661 (16611 66), 111, 266.
205, 218, 225, 235, 212, 281289, 293, 81166606 (Paul 66), (116611611166
365, 306, 316, 311, 379, 386, 385,117, 1611616666 661 661111616161161,1, 267,
118. 271; 11, 378, 183, 536.
81661 (6.), 11, 287. ’ 8111167118 (6611616), 1161611616116116111
8160811(1160811)(216116-66616116), 661616, 11, 376.
grand 1116616 66 Rhodes, 1, 516. 81111668, 11566.
8166111060 (6111616111) 66 61161111, do· 8117161118 (61161116), 11, 372.
1611116616, 11, 118. 81116718 (6. 66), 11, 287.
86616116 61116111, v. Bossis (1.1). 66). 81116111 (61636116), 11616 1111116111, 111,
8111616606, 11, 320. 91.

τ. 111. 36

 

