0881101118 DE PEHSONNES ET 08 LIEUX.

549

00 0111011110, 0016. p. 60 1. 6084101ἰο , 981111 (10001010060), 0100010060 80101-
in 0000106111, puis 60 8.-111101, 110 1 910110, 11, 281350 318, 483

8.·1110110-1101110110, 1, 39, 3623115111,
177,178, 179,180, 185, 186,193,194,
uu, 210, 212, 213, 220, 221, 223233,
236, 240, 243, 245, 347, 503, 510, 511,
512, 513, 517, 520, 521, 523, 524, 527,
528, 529, 530, 531, 533, 551, 553, 557,

558, 569, 572, 576, 665, 667, 668; 111, i

) 1111110081 130), 0, 110, 310, 010,
1 11103, 302330.
1 1011100,333001111100100100031,Ν

11111100, 11, 69.
98711118, 0110000110160 110100, v. 111-

10111 (Pione.)
9871108, 60100 600 00011100, 111, 175.

23, 25, 31, 30, 31, 30, 01, 10, 11, 12, ( 1111110001 (uenture), 111, 321.

77, 79, 80, 81, 82, 83, 165, 166, 292,

9871111061 (1110000), 010000 60Ι 80000,

367, 368, 373, 379, 380, 382, 384, 386, · 11, 186; 111, 229, 233, 111234, 542.

388, 389, 390, 395, 402, 439, 410.

9881111681 (18001.) 0100110110 80111010,

9831118118 (0011100010 600), 0116110111 60 ( 11, 163.
1040, l» 2¹1 25, 353, '¹193 11, 06, 349, PETHUCCI (91060110),-0110001010 60

376, 538, 550, 670; 111, 15, 32, 85, 87.

9811111888 (910110 600), 00111010 apost..
11, 73,633.

PERPIGNAN (gentilhomme 60), 11, 90.

1111100011, 1, 120131, 311, 311, 313,
371, 519 ; 11, 135, 368, 386, 494, 495,
569, 614; 111, 23, 39, 61, 222, 224, 232,
354, 425.

9011131010 card, 1. 10001 (1000).

Perusinus 001 Surrentinus 00111, v. 110-
0101100 (81000010).

90101130 (lugat 60), 1. 80110 (10011000),
0016.

9811011881. Bnglioni (Troilus Gazettn)
(81000010); 8016000 (1010010).

11110000 (1100111100, de), 11,233‚ 381,
478, 488). ’

98110688 (Constant 60), 11, 371.

0100030111010), 111, 356.

98110088 (Vincunt), 111, 311, 337.

98118οΝ11, 01060010, 111, 398, 399.

9811888 (101 600), 111, 205.

9873181874 (0101110 60), 0101000601,
,1, 72.

Pura· 06 Vincula (Gaul. 0.), u. Cusu
(Nicolus de); 1101010 (1111100 della),
1101010 (80031011060100111 della).

PESCAIRE, 11, 366; 0001106011, 242.

PESCIA (110 0001001οο 60), 601111οἰ0οἰ0,
11, 446, 451, 452, 453, 161, 166.

9881110, 11, 98, 261, 263, 298, 570; 111,
77, 181, 208.

98811110, v. Cupra (Aloysius); Orieellni
(81000010), 81110161 (81000010). ’

98811110 (11010061060),1. 810110 (1000),
gendre”·d'Alexundre VI, muri 60 Lu·
010008013ἰο

Sienne, 111, 222, 232, 237, 443.

PETRUCCELLI 60110. ὓΑΤΤΙΝΑ, 0116,
1, 01, 311, 111, 10.

91111Νο (Gabriel 60), l, 402.

PHARE (6111011 60 11000100), 11, 131,
133, 134,137, 147.

988118 (00101060), 11, 77.

9118808 (81000010), 101 60 11010110, 111,

’ 12.

98801111, 9118011118 (71101000),1. 10-
31111οι0011.

98181998, episcopus Aniensis (eu 81010),
1, 6, 7.

96111998, 410111106016100, v. 800101οἰ
(philippe).

PHILIPPE 18 88111, 0101116110 6111-
, 1110110, 1, 290, 416, 414; 11, 86, 212,
213, 251, 121, 512; 111, 24, 25, 138,
160, 175, 323.

96111998 60 81010000, v. 8100601101.

98111991818(810000000 60), 11, 320.

’ PIANCALDOLI, 1, 523.

91118118 (0016060), 11, 379.

91611108 (0016010), 11, 565. ,

91080808181 (11303ῑί00), 01010 600 06-
11000100. 1. 90111111 (1130011οο).

PlCCOLOMlNl (1101110), Ι, 68; 11, 284.

9100010111111(1160110101οω des 0010·-
0100100, &nuque 60 Souna, puis 60 Μο-
6000, l, 3, 312, 406, 475; 11, 291, 306.

PICCOLOMINI (1110000), 6006601016,
1, 117, 119, 120, 477, 478, 479, 488;
11, 31; 111, 200.

918808011181 (810000000), §nequo 60
8101801100, 111, 229, 287. · ,

PICGOLOMINI (810000ἰο), 00161001 60
8188118, 1, 4, 17, 29, 47, 54, 55, 56, 61,

 

