DES NOMS DE PERSONNES ET DE LlEUX.

3111110 (0010010), seigneur 610010 0160 = 313118330000010), 11, 371.

300010; 11, 305.

1111310 (30011011), cardinal diacre 60
Saint-Georgas 01001000 aureum, oa·
merlingua‚ 1, 1, 11, 15, 18, 22, 21, 27,
29,38,17, 51, 57, 70, 75, 92, 91, 96,
911110, 119, 125, 126,127,130,131,
117, 163, 179, 188, 189, 202, 206, 230,
231, 238, 210, 211, 213, 218, 219, 252,
253, 251, 263, 261, 265, 269, 270, 271,
273, 280, 281, 282, 286, 287, 297, 299,
300, 302, 307, 311, 315, 317, 318320,
323, 325, 326, 327, 332, 331, 336, 339,
310, 311, 312, 313, 319, 351, 360, 378,
385, 388,103, 106, 110, 111, 115123,
120, 131, 138, 117,119, 151, 151, 155,
156, 158, 160, 169, 180,181,185,186,
198, 199, 500, 507, 508, 511, 512, 516,
518, 570, 572, 571, 58ος 11, 1, 17, 21,
22, 21, 25, 26, 29, 30, 35, 36, 37, 10,
11, 17, 19, 50, 58, 60, 62, 63, 61, 65,
70, 87, 02, 102, 101, 105, 178, 179180,
181, 182183, 185, 192, 193, 217, 218,
221, 227, 228, 230, 232, 233, 231, 235,
236, 215, 216, 217, 259, 260, 203, 265,
266, 267, 268, 269, 270, 271, 275, 276,
278, 282, 283, 288, 289, 290, 323, 336,
fflffiffiwffiffiffiffl
368, 369, 373, 376, 378, 380, 381, 387,
391, 397, 398, 399, 103, 101, 113117,
118, 119, 122, 126, 128, 131,137,138,
151, 155, 156, 159, 161,171, 173176,
177, 178, 181, 182183, 185, 189198,
501, 502, 503, 505, 512, 517, 518, 521,
522, 521, 526, 533, 531, 535, 515, 516,
518, 551, 553, 551, 556, 557, 576, 578,
579, 611, 616, 617, 631, 637; 111, 13,
57, 113, 119, 120, 262, 263, 265, 267,
268, 270, 271, 275, 276, 278, 280, 281,
283, 288, 289, 290, 291, 292, 296, 298,
301, 305, 308, 309, 312, 313, 315, 317,
319, 320, 321, 322, 327, 331, 337, 310,
312, 311, 317, 318, 319, 350, 351, 352,

353, 357, 358, 359, 360, 362, 361, 365, ’

ffiffiffifflwwfflffl
386, 387, 388, 389, 390, 391, 395, 396,
397, 399, 100, 101,102,101, 105, 109,
111, 113, 111, 116.

111331 (1010010),10. 6011033101, 311.

11133318 (130000), 00000100001010001,
11, 285, 370, 378, 183, 510; 111, 63,
115, 199, 269, 297, 299, 305, 318, 360.

) 0100000, abba 000000-00000000

nia (6100100 de 3011), 111, 351.
31331331110011103101000,1201257.
31331118 (1110101), 0. 310. (3.).

31311, 111, 73, 185.

313Ζ (00 Ρο000000)). 1, 335.
3133130, 11, 238.

3111131, 1, 125, 128; 11, 298, 338, 528,

570; 111, 76181, 125.

3111131 (1116101 60 11030), 11, 299.
11111131, 0. Carasa (11100001).

3131331, 0010110, 1350.

11131131, cita, 11, 68, 381, 01 passim.
RINOLSPERGH (Georges de), chanoina

60 Ζο110 01 60 3011010000, 11, 353.
310 (3001030101), 111, 321.

3131 (8110001100), aveque 60 110000

Lubraae, 11, 187, 188.
11111338(Βο011010000 60), 111, 270, 273,

318 (3131131. (11100100, 101, 11100, 301.),
312313138033, Ι, 122.
3133133131 (30000010), 101000 61100-
tuni puis 60 300000, 111, 313.
33Ζο31338 (30001160),370, 186, 512.
30130111 (Florius), chevalier 60 80101-
1000-60-1100001000, 11, 3.
3013130333, 1, 133.
1103333010100006. 1000111011, 103106.
30333131, 0000110100 60 Charias VIII,
11, 515, 658, 660, 666.
3033311 (3100100), 11, 181.
30333118 (101. Maria 60), 111, 301.
303131 (11). 11, 281.
303330 (11011000), 11, 181.
30331 (1060000υο 60), l, 58.
3033113ορ33), 1, 29, 68.
110331139111, 111, 116, 153, 191.
303318031131,11,610. “
3033130311 (100060), 1, 29, 68.
303313331 (1010100 60), aveque
6106000, 111, 306. ,
3033111331 (30000010 60), 10100060
3100010011, 110; 111, 306. 119.
303338133, 0. Fan-sames (11101006).
11030133 (1000 60), 111, 330.
3031133 (3100061), 11, 511.
30331333, 0001101006011011000,11, 10.
30333031 (31100100),101000 30600010,
111, 15.

 

555 .

