DES NOMS OE PERSONNES ET 00 115011. 545

, OLIVE'l'O (lacques, lll, 270, 309. 0115101 (1440040ιί414 00 04011414), 444-

olorensis, r. 010404. 61441, l, 1, 15, 21, 29, 47, 54, 92, 115,

0101100, v. Pazzi (Casino.) 125, 127, 152, 188, 217, 272, 273, 281,

OLORON, l, 128. 286, 287, 289, 295, 299, 302, 308, 316,

01118015, 111, 185, 317, 320, 323, 326, 332, 334, 336, 339,

0000119, 011100111> (10644), 40400144 342, 343, 349, 351, 377, 385, 386, 387,
64 lisga, 040114441440044 l'Allemagnc 403, 406, 423, 451, 454, 455, 457, 459,
1014414044, 11, 357, 591. 460, 462, 504, 507, 516, 518, 519, 527,

ONOFRIO, sous 614444 64 14 chapelle 580; 11, 1, 2, 14, 17, 26, 30, 32, 46, 40,
0001160414, chambellan, lll, 81. 51, 52, 53, 54, 58, 64, 65, 74, 87, 92.

01110011, l, 139. 98‚105, 180, 181, 183, 185, 193, 200,

omfflmm Qmmmmmmm

040044, r. Pallacini (Anloinel. 262, 265, 297, 268, 317, 365, 387, 399,

0110107100 (seigneur d'una parlic 64 507, 512, 517, 520, 526, 529, 530, 532,
110014 11114060), ll, 636, 637, 638, 6-10, 545, 547, 551, 553, 555, 557, 561581,
645. , 600, 610, 614, 617, 631, 036, 647; lll,

0111001141 (04404014), 4440404404 64 3, 4, 13, 19, 20, 24, 31, 35, 36, 38, 41,
Ρ44440, 111, 335. 56, 62, 70, 71, 74, 77, 78, 80, 81, 90,

00101100 (04444014) 64 Ρ4410, 401 91, 113, 119, 120,122,124,125, 135,
6104444644 Vl, 11, 10. 111,157, 163,176, 192, 193,191,197,

0111011 (1440), protonolaira, orateur du 198, 212, 222, 223, 225, 229, 231, 236,
duc 64 540014, ll, 73. 237, 238, 245, 387, 451.

0111574100, 4. 54444 (1404444). 0115101 (concubine 60 cardinal), lll, w.

OHOSCO (Louis 64), 11. 376. ( 0115101 (40444 60 cardinal), lll, 236.

01111100(0144144),ρ4010001.44041,111, ι 0115101 (dean-Baptista), 444404 64 Bi·

324, 325, 326. ( 10410, 111, 258. , ,
0115101 (144), l, 57, 124, 142, 237, 288, ι 0115101 (14144), licre 60 cardinal, ll, 14.

mfflfflffiwfflfflfflstffiamffiffifflmffi

ffimmwfflmfflffidmwmffi

355, 391, 455, 490, 491, 676;111,73, 0115101 (lulis), soeur du cardinal

90, 151, 211, 222, 223, 232, 237, 246, Alexandra Farndse, 14004 6044130404

247, 249, 255, 263, 284, 285, 287, 334, 0441000 Orsini, concubine 60 pape

442, 444, 446, 450. Alexandra Vl, 111, 405, 406, 407, 408,
0115101, prolonclaire, lll, 230. r. 1444444 (1 4114).

0115101 (1116064406140), 4004614444, 44- ¹ 0115101(14040),0114464 6410114 0440444,
clavaque de Ni'cosic, ll, 275, 348, 381, ( lemme 64 0140144 64 14 1104444, 111,
QMW· ifflffim

0115101 (0444446), arsque 64 004444 641 0115101 (141140), 4441446004 60 74441
2914991, 01383· cardinal 4444 40 1459 par Nicolas V.

0115101 (01444144), 641446 64 0441114 Vir· ( ll, 164.
ginio Orsini, ll, 238, 239, 353, 365, 455, 0115101 (Locis), 111, 249.
rwnannmmssmnmfflnmmammmnm
222, 251 (0446144114 Ursinus 14014 pour 4444, r. Orsini (Orsino).

6440104 0441444, 11, p. 238, ligne 16). 0115101 (0140144140014 64 Piligliano,
0115101 (14 chevalier), lll, 234. 50444 41 0414, capitaina gandral 64
0115101 (Fabio), fils 64 Paul Orsini, 111, l'llglise, l, 358, 359, 360, 361,408,437,

230, 248, 249, 290, 304. 447, 402, 408, 477, 478, 481, 527, 568,
0115101 (11404014), 604 64 Gravina, ll, 469, 570, 571, 572; 11, 31,,39, 56, 59,

540; 111, 230, 406. 61, 80, 82, 178, 200, 613, 615, 616,
0115101 (014431046440), 014 64 Virginis 625, 614.

Orsini, l, 191, 571; ll, 305, 490; 111, 0115101 (Odanda), 444404 64 0014, 1,
- 151, 236. 510, ll, 112, 123, 163, 177, 188, 367,

τ. 111. 33

 

