550

655555556
fflfflmssmmfflffi
QmfflmQffifflffl
ffiffimffifflfflfflffl
4535455555454555
mffimffimffifflffi
ffimmmmmffim
mmmmmmmm
mmmmmmmm
mfflwffiwfflfflssfflfflz
mmmmmmmm
fflfflfflfflmfflffiffl
mfflffiffiffiffimffi
fflfflfflfflfflffifflffi
fflmfflmmmmffl
556455555555

’ κ6565555556

41, 49, 55, 58, 66, 62, 63, 64, 66.

INDEX 54445414144445444564

PICHINOLI (Angelo), 444555 65 614115-
65515115445, 4, 228.

PICHETTUS (Jacques)‚ 11, 873.

PICO (Aloysio), 44544445 65 9555355545,
41, 268, 514.

911411, pape, Ι, 38, 39, 48, 411, 423,
166, 236, 238, 275, 284, 285, 443,
476, 473; 44, 75, 76, 497, 253, 267,
442, 669, 615, 673.

9144411455, 9444455, v. 9514145163541155).

ΡΙΕΝΖΑ, 111, 234.

PIERLEONE, 4444655144 65 15545441 65
Medicis, I, 461, 566, 567.

PIEROBONO de 9544545, 5514515355, 441,
433. “

9114144414, 54415441 64445354, I, 474.

9141119411, 4454544 du roi de portugal, de
154645 65 Saint-Jacques 65141555, l,

55555566Μ5,655

465, 468, 157, 462, 167, 486181, 482, Ι PlERRE. 5546515145 du cardinal zeno,
fflffifflffifflmmmlfflh

256, 266, 264, 265, 266, 267, 268, 269, ἰ 9431413855565151456445546.Β54145,4,336.
276, 271, 273, 276, 287, 289, 317, 333, Ξ PIERRE, de l'ordre du Carmei, confes·
mmffifflmQffiwAmwmwfflwn
,mfflmwmfflmmmfflawmffimmmffimmhm.

mmmfflmfflfflm

Qfflfflffimmmmmnss

mfflmffimmmmlffiffi

565, 567, 569, 512, 547, 518, 521, 526,

{mmfflmwmm

550, 554, 553, 554, 555, 554, 555, 554, ξ 44444444 (saint), 1, 138.

fflfflfflMwQfflfflwss
WWfflfflMQQQQ

ξ 4444454 (Sana.) le Jeune, astrasbourg,
{Lm

34, 36, 37, 38, 41. 57, 61, 66, 76, 74, Ι 9114441443 ΕΤ 94161. (88.), patrous 65 15

72, 76, 87, 96, 426,121,123, 128, 426,
135, 436, 437, 439, 114, 445, 417, 452,
166, 161, 175, 176178, 479, 494166,
497, 198, 268, 228, 233, 245, 246, 248,
249, 256, 254, 253, 257,258, 259, 264,
265, 268, 276, 273, 274, 276, 277, 287.
9166646141646555555), [4645 65 915 141,
'Mffimwfflffi
PlcCOLOM1N1 (15544), 64145454, 4454-
quis de Liseti, 14545 du duc d'Amalss,
. 4454544 du 5546. 9155655141, 41, 467.
PICCOLOMINI (Nicolas), 4445445 65
954445 51 644141, 5145551514 du 5546.
d'Este, 411, 489.
916661οΜ1Ν1(915445), 55414514 apost„
11, 383, 487, 544.
9113814161 (Μ545145 6444456445), 11,9; 111,
485.

911613147ΖέΕῆ (Jacques), 554561554555551,

5511466. 6455155, 11, 366.

9414141414 9466556415, 11, 266.

91437644 SANTA, 11, 276, 656, 651.

91671444 (1444455165), 111, 272.

91871444 844ΝΤΑ, 41, 196.

911661. (9.), 14, 536.

PIGNATELLO (611545 65), hospitalier, 11,
594. ·

9161181461. (65441414554441. 65), §voque
de Fano, 11, 297.

9641Νὸ, v. Matuzzi (915445.)

94449648 (41555155), 5455445 65 65311545,
11, 463, (915445 dans Gamo.)

9111645 Ν155515 61 6154544441 61), 654441-
44155144, ll, 447.

9611643616, I, 241.

PINDAHUS, I, 423.

91ΝΕΙ.1,4(15544-95ρ6515), archeveque 65
6555445, 1, 342; 41, 9, 14, 45, 48, 19
27, 46, 43, 56, 55, 63, 73, 445.

 

