516 ’ 1101101110011.111010011000

88788101 (1000 00131000-00810 0“11- ' EUGULO, 1110 80011010,1,158.

0001010, 0108010000 00 8001110, 00101- 81111088, 11, 209.

001, 111, 309, 311. ’8118810118 (8.), v. 1661611666 00).
8718888, 001016 00 80101105000000 Co· EVENTIIIOTI (Jacques), II, 482.

logne, 1, 310. ’88888 8118811011 (10001100), 11, 537.
8818888, 01011ον1000 00 801100, 1, 226, 1 8010011010, 8010100,0.100100 01001-11011

294, 323, 343, 449, 466; 11, 24; 111, 24. 1 0111111011 (Thomas). .
00001111 1101, 12011, 050, 100, 125. ' 0111011 (1101110011, 511.
8000611100,800061“1101,1. Gubbio. 1 EZEZA (Rodrigue), II, 488.

8

11011110, 01151οο05 66 1010111511- ( 205, 201, 200, 200, 211, 210, 200, 200.
0100 della Porta, II, 36, 37. 342, 343, 348, 358, 361, 364, 387, 426,
818111 (01010001), 0081011001 00 lettres 431, 434, 437, 440, 459, 460, 502, 509;
apostoliquea, 11, 201, 266, 371, 011, 512, 511, 510, 521520, 500, 510, 002,
479, 537; III, 310. 1 111, 3, 5, 19, 21, 21, 28, 31, 38, 57, 67,
81811108 00 00010, prieur de Ste-Eupht- 1 70, 77, 79, 80, 81, 90, 129123, 125,
mie, orateur 00 Rhodes, III, 419, 422. , 126, 129,130,135,136, 137, 141145,
8181118818 (100110), 11, 286, 479, 483. 176, 178, 181, 193, 200, 203, 205, 220,
81811180, 00 000000, 111, 153. 224, 249, 250, 251, 253, 254, 257, 259,
81811081, 0110, l, 304, 461. 260, 263, 265, 267, 271, 273, 275, 277,
818881, v. Canonici (1 .-8. de). 281, 287, 288, 289, 290, 291, 292, 294,
8188Ζ1 (Faventia), Ι, 521; 11, 299, 305, 296, 299, 303, 311, 312, 318, 321, 322,
fflwffiffimmffiffl mfflmmffimffim
185, 441, 442, 443, 444, 446. 404, 406, 407, 408, 409, 411, 413, 416,
818881(0100001010 des 0000100100 0), 426, 476..

11, 300. 81118888 (801010000), 0001101003 10
81100, 0310110101 (Falco de). 00100 ’00 0000180138, 111, 443.
8110088 (seigneur 00), ambassadeur 00 81118888 (0110101110), femme 00 Pacuio

01101100 VIII. Voy. 800000 (00). 80001, 0101001 11010000 0 Rome, 1001160
8010000008, faute pour 80100110, 1, 475, 00 00000000 00000 0 01011000, 000110

ligne 26. 0103018010, 111369, 370. ·
81181111(80101100),ρ10081101110,111,402. 81118888 (10110 Bella), 0101110000 du
FALLERE (80101100) (01100080 00), pres , pape 1101100010 VI, 1001010 du seigneur

8110111111, 111. 1 010101,0100100001010011101110010,
8181000888 ( 0110000 00), voit Pico Il, 80, 83, 84, 85, 645ς 1115, 370.

(1151115). 1 1111111100 (110115-2111),ρ151510015, 11,
8180, v. PIgnerol (8001101000101.00); 284, 379, 485, 541.

Gigantibus 1810010000). 81110 (Gabriel 00), 0810001001 00 101-
11110152, 11201, 111, 11, 105. 1 50510551.. 11, 379, 511.

8180, 00101000 0000011110, 110101 dela ’ 101100,1νο1.00001010,1.020011·0 (8.).

(1100110, 11, 297, 298· 8111008 (00), 00111000. 00 01101100 VIII,
FANO (Gabriel de), 010000 01111110, 111, 1, 433, 545, 546, 548, 549.

343. · 1810881818118800000000), 1,28,68.
111111(1111)000,111,202, 201, 001. I 1000110000, Phedrus), (Thomas 11-
8011010510 epis. (Lesina), v. 8110110011 (1.). ) 3111101111, 011), v. Inghirami.
81118888(1101100010),0101000101100000- 8811011, 11110 00 pape 111100 11, 111, 408.

talique, cardinal, II, 84, 87, 92, 95, 96, ’ 881101180 (saint), 01010101 010000 00

194, 105, 106, 195, 230, 233, 235, 236, Foligno, ll, 293.

 

