DES NOMS 178 PERSONNES ET 0111181111.

·- Porticus s. Petri, 11, 281.

- Prata Neroniana, 11, 83.

- Praxibulum, 111 ‚ 116.

-99119,Ρ91999 Albus, 1, 131; 111, 150,

- 1999999119 19 119999, 111, 179.

- Quirinal, 111, 131.

- 0999119999 = 1999919 99 1199919, 11, 8,
73·, 111, 60, 238- 89999, 1. 272, 275;
111, 131. Champ 1911999, 111, 59. -
0919999, 11, 192, 118; 111, 59, 173.-
891919 89919919, 11, 83. - Ponte, ll,
608;111,59.-1991999, 1, 3683 111, 60,
389. - 7999919999, 111 , 60. - Subura
1999199, 111, 251. - Treui, 11, 185.

- Reliquos 9 89191-199191(91991 19), Ι,
375; 11, 257. - 8991991999, 11, 300.

- 11999 : 11999 11999199, 11, 530. -
719 89191-19991999, 1, 307.-· 89191-
6919911, 101.- 7. 19711911911989191-
8999111, 312. - 7. 091199, 1, 112. -
V. 8991191, 257. - 09 191999, 1, 178.
- 7. Nova, 1, 203; 111, 61. - 09
Papo 99199 19911199, 1, 283; 11, 619.
- V. 1911191999, 1, 87, 305, 179. -
V. 19119 19999919, 11, 16; 111, 116. -
Via 19119 89119919 999999, 1, 325.
- V. 119999199917), 1, 359. - V.
Sancta, 1, 203, 311; 11, 518; 111, 61,
112. - V. 8999991999 991 999919199-
19999, 111, 120. - Via 119919 Sanqui-
999, 111, 119. -899119 0191911, 11. 159.
- V. 8999919, 11, 239. - V. 7199911-
699199, 1, 215. - Tiberis, 11, 185.

- Temple 19 Jupiter 0991191199, 111, 122.

- 79999919, 111, 22, 392.

- 17099- (19), 11, 85, 389, 112, 500, 555;
111, 287.

- 7119911999191199 19),11, 253; 111,
81, 85, 235.

-· 79999 : 799119 1199999199, 11, 216.
- Τ. di Nona,1, 383,111, 59. -
Τ. Neuve, 111, 72. - Τ. Rotunda, 1,
178. - T. 8999919999, 1 211, 305, 115.
- Τ. du 899199, 1, 118, 323, 366; 11,
263;111,75.

·- 7911999, 1, 80, 93113, 273, 11, 85,
111, 110.

·- 799999· 19 9999, 111, 219.

—· 79119 9. Pauli, 11, 33, 193, 158, 5079
1111031117,

·· 7999199119 11999919), 111, 201.

559

’ 1101118110 (1999999-919999), 991199 19

1199199919 119119, 1, 323.

1101101180 (9991), 9.1199991199(8999-
cois).

RONCHE (1 aeques 19), 1, 523.

11οΝ0118110 (Cela 7199999919), Ι, 27, 67,
71, 72.

11οΝ0188111)199 (1191199911 1999999,
11, 117.

RONSIGLIONE, 1, 509; 11, 353.

1108808119, 1, 301, 333, 150151, 919.

11088181(899999999), 19199919 9991.
Borgia, 11, 176.

11081 (7999999 0919991), 9911999919
9999119999199 71, 11, 220.

11081 (Cesar), 99991991919, 1, 26, 68,

11088, femme 19 89999919 19 819999, 11,

8088118880 (Philippo 1911911999 19
89199, 111, 370.

119991(Β99119919991), 111, 362.

110881 (8999991), 99999919891199, 11,
217. “

1108818999),1919991’119191,1,128,325.

110881 (8119999), ΙΙΙ, 311.

110881 (1999999),11, 373.

110880 (1196999191), 11, 5.

110880 (89199199191), 11, 1, 5.

110880 1791199191), 11, 1, 5.

1108710170 1’19999999, 9991991999
18991999, 111, 387.

891199999919, 9991199119, 9. 891991991119
(09111. 1’); 19959199 (Georgos d').

ROTTO (89919919),111, 318.

110708008199999999), 11, 373.

110088, 111, 12.

110088 (9199991919), 11, 219.

11008Ν (99119919 119919), 1, 366.

1107811881, hospitalior, 1, 120.

1107811881 1811199199), 999199999919
11999999, 1, 111, 150.

1107811881 (Florius), 9919999199919
991191199919, 1, 19, 21, 73, 120.

11078118 (1119991 19119), 9919991999 19
7169119119 8919189911 in Sassia, 11,

11078118 (1919919 19119), 9991191999 19
791919, 111, 305.

11078118 (899919999919119),19999919
8999999, 99999 19 19199 11, 1, 10, 28,
67, 52ος 11, 151, 381, 186, 512; 111,
307, 308.

 

