m

6110001110 111 (16666 661666 66), ΙΙΙ, 155.

6110001110 (0661616), aveque 66 066666
6166 06666616, cardinal, ΙΙ, 347.

61100080 (Alexandra), cvdquc 66 1166-
11613116, 11, 557.

6110οΟ80 (6661),66616666666 66 Ganos, )
cardinal ,60166 66 11166 66 Salate-j
1166616616, l, 4, 325, 326, 332, 342, ¹
mmwffiQfflfflml
6Μ6066ΜΗ66,
QQQQQQQQQOEQ
96, 105, 265, 267, 268, 277, 347, 365, l
407, 419, 426, 434, 435, 436, 440, 411, ¹
fflfflmffi 1

61100080 00 04060 61100080, 016
661666166 cardinal 6663666, ΙΙ, 440.

6110108, 1, 128, 144.

admirandaque (11166166 66), 6166-
que (Urbain dc); 0666666666 (11660163
d'Anccsuma 66).

6111οΙ4 (66166), ΙΙ, 77.

611148 (0116661 66),161666166 66 Ba·
6616611, 319, 321.

611148 (1666 66), ΙΙ, 320.

6111801111 (Andre), ,6611666166 pour 1’41·
1666366 66346166666166661666411666· ¹
1661, ll, 350, 111, 240.

6111100, 6116, Ι, 9, 110, 61666166.

6110018141101(063), 11, 370.

6000606011, Ι, 523.

6111100118 (P. 66), ΙΙ, 480.

6000080000(0161616 66), aveque 66
166616, 1, 287.

611000 (0163616666), 11, 479.

6111 (Adam), 61666166 66 1431166 66 Bada,
1, 370.

60001 (061116666), 166166, l, 145.

60111100, ΙΙ, 293, 318, 319, 338, 667,
668; 111, 77.

6011οΝ0, V. Borsiani (lucas).

6011000 (0666 66), 6666616, ΙΙΙ, 36,

Ι6011000 (06666 66), ,6661661666 666 46-
3666116611, 367, 370, 477.

6011000 (813166666), 111, 119. -

’60114 (catherine 66), 16666 66 1666, 661

‘ 66 Navarra, 111, 12.

FOlX (66616 66),.1666, 661 66 Navarra,
ll, 228, 231, 234, lll, 11.

60111 (616666 66), 66 106666 6666166666,
cardinal, 1, 4, 284, 285, 286, 287, 301,
303, 386, 301, 308, 311, 313315, 316,

Μ6ΜΜ6ΜΜΜ

317, 318, 320, 326, 327, 332, 334, 336,
339, 310, 311, 313, 349, 351, 355, 365,
372, 374, 377, 378, 385, 397, 404, loc,
408, 11, 394, 667, 111,12.

60001, ll, 117.

6000101, ccuycr du cardinal Borgia‚ 11,
176.

6008611104, (1666 60164366 66 Tarni,
11, 270, 292, 386, 413, 427.

60014104 (Gabriel 66), 66 6166166666,
61666166 61361166 66 Scina-Angustia,

6001000100 (abbayede)‚ 1, 450.

6011081411οΙ (06166), Ι, 477.

60110810 (11166166), 111, 402,

601111, l, 20, 21, 73, 90, 304, 315, 521,
ll, 299. 570, 579 , 111,10, 11, 13, 184,
321, 331,346.

601111, 6. 4611 (116666).

601111, v. Fieaquc (Nicolaa 66).

601111 (4616166 66), clarc 66 16 chambre
aposl, 1, 275, 306, 329, 388.

601111 (06616666), 1, 523.

101111 (1166666166 66), 66616166 66 pape ἒ

Alex. Vl, 11, 578, 579.
601100110, 11, 337.
6011041108 (6616616166), 335.
60110411118(06666666), ll, 50.
1101104111 (1166666), cneque 616 66 06-
61666 (06666), 11, 155.

60110401 (Octaviano), 464366 66 06616- ’

66, ll, 349, 491, 111, 83.

60110000, 11, 457, 493.

66606166666. 666166.

1666060666, 666611, 11, 88, 1166 aaron·
limais).

16666663666166616,6. chscmbrcna.

6011110111 (4616166), 6. 6666666.

601111 (4616616), 11, 538.

601111 (616666), 11, 376.

6011111041 (86161), 11, 297, 111, 132.

Fortuna Fanum, v. Fano.

1166666 Sempronium, v. Fcasombrcne.

60804111 (66666616),ο66166666611166 pris
Maximilien‚ ll, 291, 328, 329, 330.

60804111 (0166166), 111, 388.

60804110 (piene), cacque 66 Padouc,
cardinal 66 titre de 86161-0166166 inter
1666316661, 4, 15, 24, 28, 32, 33, 110,
125, 152, 218, 11,395,111, 87.

608800011000, 11, 297, 338, 11111.

 

