444 44444 4444444 4444444444 1
481111 (4114144444 de), 11, 378, 484, 540, ; 448440, Ι, 4, 243 ; v. 04444 (Georges ,

4414 encore 4414 (041; 4444 (041. 041; 01144 (44444441;4444111 (44044 041. ’

4811101111, 1, 382; 111, 403. 4484114014, v. Butrsago (Diogo).
4048110 04444414, 4444444144 04 844· 4488, 1, 212.
gia (044441, ΠΙ, 245, 246, 248. 4488404, Ι, 428, 454, v. 4444144 (4144·
4444444444, v. Sant' Agatha 040441. 4141. r
4041114 (8.) 04 0441, 4. 0444444441 4488110411(0444141444 041, 14444444-
(Ρ. Ρ..) 1 444441171811,285
4041884818, 44304448811101 (4444414041, 4444144404 44ρί
401181, 128; v. 81444141(41441441. 1 44 84441, 111,281,284, 310.
4084, 4444444414 (4440..) 1411444444· 4481111140 (14441444), 11, 246.
(4444441 044444 041141 44888140 (1.844444141,11,508,111,
44144414, 44 04444,1,128;444 04414, 312.
nensis. V. 0444 (44444441 ’,4488881401 r. 8414444(440441.
49444, v. Avila. ’1 4488111, dur de 8441444, 1, 392.
40441184, 11, 493. · 44881110 (Angelus 041, &reque 04 Ve-
404440, 11, 170. . uafro, 1, 422.
40484418 (8444444 04111, 381, 486. . 4144444444444 v 4164444404.
40484418 (44414 041, 444444444144, 4488111118(014401441.11, 380.
4444441444 04 0444444 Ι, 16, 11, 350, 14480884818,4. 4114444414.

410, 504, 573, 619. 1448011404 (4114444 0441444 041, §reque 1

4041144118 (Pius), 11, 371. ' 04 044444, proviseur 04 1146141441 des
404881114441441, &reque 04 04444014 8414344141, 154

416444,111,205. 1 4481181 (414141404440, 414401, 11 ,512,
40081140, sous-diacre, 11, 102. · 526, 566.

4011804 (0444144 041, 41444 04 Τ4444·’ 4481181(44444144 ou 44404401 444-
8444,11,320.144444144 apostolique, 144444- 14444 04

40111,1,.4 1 06444 844314, 44401441014444 0484144-
40814, 84144 44 8443414, 11, 608; v. ,841 4144144440444444 Tulliano, 111, 57, 77, ’

144144 (114444441ς8444 (111414. 0’). 78, 70,82, 197, 198, 199, 206, 209, 210,
4444444444, 044414 44 Hongr103 v. 8444 212, 242, 244, 245, 246, 248, 249, 250,

1411141). d’.) 251, 253, 254, 254258, 259, mm,
4444444444, 1444 4444444444, Ι, 174. 263, 264, 265567, 271, 273, 275, 277,
4011108418, 1, 212; v. Castro (1444 041. 284, 287, 291, 292, 294, 296, 308314,
4444444444 (444014414044444 (144404). , 318, 321, 327, 329, 331, 337, 351, 353,
4444444444, 4444144444. 1 358, 363, 374, 436.
4οΗΙΡΡ4 (0444411141, 11, 442. 4488811044414144 01, 6114 041414 οἈΙ-
4011111 (1444041, 44411144 04 1. 44444, ,1 brer, 4144444 04 04444 844314, 11, 512,

14320. 1 513, 528, 532, 111, 12, 77.
4011111047 (11444 0’1, 111,39, 45. 4481181 (44414 0’,1 44401441 prem 04
411184. 444014 (84444400). 1 88. Ρ1444444444441114, 1,.285
4440010, 4. 84444414 (Gabriel de); Ρ41- 1 448118 (41441441, 111,2, 376.

14414141 (1111114144 0444111). 4404414114 (44044 01, 111, 49, 111.
41034 (Pyrrhus), 444444 04 014144 44044Ζ840,4441ο404444, 1, 555.

0444411444, 1, 269. 44088810108, 11, 381, 485.
4448404148 (1144444141, 11, 223. 44118440, 4. Ρ14441444141.
4447141, 1, 128; v. 84441; silvestri ALDELLO, 1, 378, 397, 398, 405, 139,

(1444441144). 455.

44411114014404441, 1, 369. 44811441 (pietro) orateur 04 81444444,
4441444444, v. 414441. 1, 422.

4144444414, v. 4144 (Ρ14444441; 44144 4411414440 (Leuis), orateur du duodo
(1444141. savoie, 111, 152.

 

