444 44444 4444444 444444444444

4041848018, 4, 345; 41, 135, 464, 470, 365, 366, 367, 368, 372, 374, 375, 378,
471, 472, 660; 411, 35. 380, 382, 388, 389, 390, 395, 399, 404,

4044848018 (prieur de), ordre 644 hos· ' 405, 444, 442, 443, 416, 426.
44140444, 111, 367. 40880400 (Ρὶ4444), 44144444. 64 4414.

4041848048 (seigneur de), II, 433. : apost, 41, 375, 480, 537.

4008444018 (4444 64), 41, 486, 543. 40880400 (4444446), 6434 64 1144444,

4041848081, 17. 414, 145.

4446444444, v. Lombez. 4088778, 11, 400.

40418844 (1444),1, 69. 40884108, 1, 204; 111, 35.

LOMBEZ, v. Groslaye (Denis 64 04144444 40018 lx (84441 Leuis), roi 64 Franco,
64 44). Ι, 474. ,

4041844100 (4444444444),411, 335. 40048 xl, roi 64 844444, 4, 450, 550, 4

4041844400 (0444144), 444, 300. 554; 44, 75, 76, 457. ζ

40004488, 4, 257; 431444844444144144 40018 7411, 444 64 044444, 41, 475, 193, ’
de -, l, 204· 496, 498, 502, 544, 512, 543, 544, 515,

400008 (84444444), 4414444, 1. 290. 546, 517, 549, 532, 549, 558, 562, 563, ,
4000400 (Alban), 64 44 44414 64 Bur· 564, 565, 566, 567, 568, 570, 575, 578, ’

4444641, 170. 673, 674, 675, 676; 411, 20, 41, 60,
40000814(844144464410144444,4446.64), 65, 74, 73, 75, 442, 143, 446, 447, 1

amaefflmmmmffi mmmmffifflwffl,

7576. 175, 188, 189, 192, 209, 210,211,242, 4
40004 (414441 64), 64144444, 4444444444 220, 222, 237, 250, 255, 266, 293, 355, ,

64 Segni, chevalier 64 84441-Ρ44444, 356, 362, 267, 371, 387, 388, 409, ⁴33·
111, 37. 442.

40088 (1444), 4446644444 44 petit-par- 4088884 (4444414), 44444444 64 4446.
quet, 6414444, 4444444444 64 044444, 84484814 176·
644444 64 Ρέ44444,44464441-ρ44444 64 4414444414 (4454414), 441, 109.
6444140464 64 7444644444, 1, 27, 32, 400 (84441), 1, 2154 14 vierge 64 44441 -,
wammmfflffim wa ³
267, 268, 269, 271, 276, 280, 288, 289, 4004 (8444444444 64), 11, 248.
Qffiffimffiffiffifflhfflfflwmfflfflffi
fflfflffiffimmeLfflfflmffiffi
399, 407, 413, 415, 419, 420, 422, 424, 40040148 (0. 64), 41, 286.

426, 428, 431, 432, 434, 437, 438, 440, 40048, v. 44444164, 4444444644· 64114- 1

fflfflfflmmmmffi mm

507, 542, 515, 521, 523, 529, 534, 534, 40048, (aveque 64 Sirmium, 1, 288, 290,

551, 553, 554, 556, 557, 558, 561, 563, 292, 302.

, 576, 602; 111, 13, 24, 24, 25, 31, 36, 40048, 4144441444 644 88. 44644 41046·
37, 38, 40, 41, 56, 62, 63, 64, 66, 67, 34444, 44 14 4444414444 64 84444-Ρί4444,
70, 71, 74, 77, 79, 80, 81, 87, 89, 90, 114, 413.

113,149, 120, 122, 128129, 130131 40048 (4444), 414, 319.

133135, 136, 143, 144147, 149, 150, 40004 (64), 411, 413.

152155, 456, 157,158,159, 160, 184, 400807Ιῦ8, v. 04445444.

194, 206, 214, 221, 235, 433. ’τ 400807Ιο8 (8444444444), 4444464444

40818 (84444444 64), 444444 64 74444, 64444144, 111, 446, 147.

68144, 4444444444 64 04444444444414, 4000 (0144444), marchand, 11, 302.
44464441644444 64 844444-04444-04444, 400884, v. Turres (4414444).

41, 523; 141, 192, 239, 244, 258, 259, Lucerinum. 444444.

260, 263, 265, 267, 271, 273, 275, 277, 40088418 (44464), 41, 401.

288, 292, 294, 299, 303, 306, 312, 348, 4000088, 4110, 425, 128; 11, 7, 156,
319, 321, 327, 328, 329, 331, 337, 339, 276, 609; 141, 75, 235, 260, 318, 36,
350, 353, 358, 359, 360, 364, 363, 364, 380.

 

