DES NOMS 116 PERSONNES ΕΤ DE LIEUX. 511

66666166, ιιι, 36, 363. “ 666666 (6.), ιι, 185.

CLAPP (iz-Ant. 66), 666661 66 Worms, COLLE (Antonio 66166111 66), scribo sso-
66566666666661616616666611666666, 666116, 11, 81, 151, 191, 611, 617.
1, 20, 21, 72; 11, 60. 60116 (16666666 66), 1, 501.

6161110666 Franco, 611666 166161111, 6011066110 (66661616 66), 663661666-
666666 66 66666616 19, 111, 160. neor du cardinal 66 saint-Ange, 111,

, 6161111110 (11161661), 66611666 66 cardinal 338.

Borgia, 11, 176. COLOCENSIS, v. Coloczo.
616166Νο16 (11166166 66), 6666161666 66 COLOCZA, v. Vardo (Pierre 66).

866666, 11, 79. 6060666, 1, 137; 11, 60.
666116Νὸ, 616661616. 11, 537. 606066666661666666 (Jean).
61611661 VI. 6666, 11, 585, 599; 111, 91. 60106Ν6 (61661666 66), 6. 6666611166-
CLEMENTINES, 1, 200. monn 66).

CLEMENTIS (8.), 6666166116, 6. 1166666 60101186 (sainte), vierge, patrono 66

(Dominique della), 1931139 cath. de 1111111111, 11, 298, 299.
6661116610 (16666116), 666666 66 Trou, 1 001ΟΝῙΕΝ31566. Blesus·

6616 66 Concordia, 1, 220, 232, 239, COLONNA (familie), 1, 16, 17,18, 112,

273, 132, 133, 131, 553; 11, 15, 10, 117. 503, 508, 509, 516. 571, 574; 11.

73, 92, 97. 101, 105, 199, 221, 227, 7, 191, 195, 218, 221, 239; 111, 73,

215, 216, 251, 252, 328, 330. 143, 111, 116151, 156, 161. 176190.
6161111061-110111018011(261111366166), 216. 255, 281, 110. 111, 112,·

11,166261116611111,Ι 601ΟΝΝΑ (66166166), 11, 82, 186, 189,
CLEVES (666616661666 66), 11, 219. 190, 191, 337; 111, 39, 336, 353.
666666 (66, ouo 611365, 170. COLONNA (166661). promotum, 1,
6661168 (Philippo 66), 666666 666166, 20, 21, 125, 215, 298.

1325, 315113, 511,517;111, 335, 387. 6010111111 (Georges), I, 519, 571; 11,
6100113111666116666), 11, 371. 98, 190, 191, 192, 200, 615; 111, 217,
CLUNY (ordre 66), 111, 111. 219, 255, 256, 325, 363.
CLUSINENSIS, v. chiusi. COLONNA (1666), cardinal, l, 1, 16, 17,
6611811111, 6. 6161661; 1, 5. 21, 29, 17, 51, 92, 112, 125, 126, 127,
6066 (1666), sollicitem· 666 lettres 6666- 151, 152, 155, 159,168, 170, 172180,

1611666611, 286, 371, 179, 511. 188, 190, 207, 210, 216, 217, 231, 236,
COCCAPANI (8661661661), 666666 66 238, 210, 211, 212, 218, 219, 252, 251,

Rimini, 1, 125, 128. 255, 261, 266, 273, 281, 286, 287, 289.
60666161 (Mariano), procureur 66661, 295, 297, 299, 302, 308. 309. 316, 317,

11, 101, 108. 320, 321, 325, 326, 330, 332, 331, 336,
’6666666666 (6665666), 65666, ι, 336, 316, 312, 351, 355, 378, 365, 101,

29, 69; 11, 519, 561. 106, 111, 123, 137, 138, 119,151,155,
60611616 (1666 66), grand moitre 66 158159, 166, 169186, 191, 198, 501,

86616666, 11, 510, 511, 513, 515, 516, 502, 503, 301, 506, 510,511,519,580;

517, 519. 11, 1, 22, 23, 26, 30, 35, 19, 62, 63,
601116, 6. 8666616 (othon do); Horroen· 61, 65, 70, 87, 92, 95, 96, 102101,

sis (Henri 66). 105, 211, 217, 219, 220, 236, 311, 318,
60161(0661616), 6666-616666 apostolique, 319, 387, 395, 103, 107, 115, 118119,

11, 177; 111, 90. 131, 131, 110156, 160, 505, 512, 517,
6066 (6166166), 61611166, 666166 66 166666 521, 522, 526, 515, 516, 517, 573, 61 1,

66616166666, 16666666, 1, 118. 661; 111, 57, 113, 260. 263, 265, 267,
6066 (066166), sous-diacre, 111, 178, 271, 271, 275, 277, 280, 283, 289, 290,

200. 291, 292, 291, 296, 299, 302, 306, 308,
6011Ν1 (Pierre), 6661166 66 registro 666 311, 313, 318, 319, 321, 322, 323, 325,

666611666611, 281, 379, 3851811688, 327, 329, 331, 337, 339, 310, 350, 351,

511, 511. 352, 353, 358, 360, 361, 363, 372, 371,

 

