561 INDEX 08881118 1888188110118

scor (11000), 111, 051, 355. 0111011001), 111, 001.
80088788, Ι, 229. 88880118 (001 81000110), ΙΙ, 112.
SCOTTIS (8101001 00), 01010 00 810000, 8000010101,1. Sinigaglia.

en 81000, ΙΙ, 501. 8010001101111 0110.,1. Vogerio (Vrgerio).
SCOTTO (Gunsulve), ΙΙΙ, 269. (Marc).

SCOTTO (1010001100υο de 80110, Ι, 88871(00111),11111100, Ι,10,128. ,

200, 299, 351, 355, 371, 106. 8001011110 (011100), 1. 1100101 (Fordi-

, 0011011110, 111, 301. 00010).

SCULTETI (800011), ΙΙ, 181, 182, 539. 800011100(8001.),111, 117.
8081ΤΕΤ1(011(111), ΙΙ, 201. 8811188180 (0010), Ι, 271.
SCULTETI (111101101),1101(1000 00111010, r 8811οΑ11018, 8801118 (Philippo 110),
111‚85. ΙΙ, 380, 510) ΙΙΙ, 301. ,
SCULTETI (8100100),11,537. 8811808871 (1010 00), 010101011110, 1, 1

8011118110 (1111111 00), 0110101110 00 Sa· 20, 21, 125, 128, 185, 33ος 11, 11, 15, ,

1130110, 111, 81, 222. 51163, 65, 101, 123, 129, 111, 155,
8011810811 (11001100 110), 11, 202. 156, 177, 278, 227, 563, 561; 111, 15,
scurra 1100111310. 01, 153, 151, 110.

888187188(11)110 00 81101), v. Bossis 88118088Τ1 (8100111100), ΙΙ, 82.

(1.1). 00). 88808, 111Ιο 08ορ1310, 1380, 382.
8881871880101101. 0081001110, 111, 221. 8811ΡΙο8 (810110), ΙΙΙ, 152.
88818Τ1180, 00001101 00 0110. 0000- 8811111 (8180100000), ΙΙ, 165, 167, 675.

1101, ΙΙΙ, 235. 8811111 (00111110 00), ΙΙ, 536.
8881871180 (Daniel 00 811), 0011110 SERRA (6011110100), 11, 133,
apostolique, 11, 320, 325, 371, 382, 486, 8811111 (unques), procureur des 001111-

195, 512. 010101101, 11, 378, 133,,183.
8800111Τ (styrie), 329. 881181 (1100000), &reque 00001110,
8800181,880818,1.8011011(80111110). 01101011·ρ10110 du 11110 00 81101-

800001011110, 80001010ηεὶ0, 8000011οη01, 1. 0100001, ΙΙ, 82; 111,·56, 77, 78, 79, 80, .

00000. 01010110,100,110,100,111,111, ³
80011011111. Sion. 152, 153, 156. 157,160, 161, 161, 170,
8801 (1010 00110), (1010001110, 11, 123, 176, 178, 180, 193, 191, 195, 203, 205,

129, 111, 115, 155, 177. 206, 220, 221, 238, 212, 211, 215, 216,
8808187 (1010), 01010 0080110, H, 320. 218, 251, 251, 258, 259, 260, 263, 2611
8800811 (810110 de), Ι, 29, 08. 287, 270, 273, 271, 275, 276, 281, 285,
8090610000, 1. Segovia. 288, 289, 290, 291, 291, 295, 298, 301,
8010010οη110, 1. 80301110. 309, 312, 317, 319, 328322, 323, 321,
88001118, Ι, 1, 319. 327, 329, 331, 337, 351, 368, 369, 373,
8000010, r. 8100110 (1111 11111000 11111 375, 380, 382, 388, 389, 390, 395, 103,

(1011 1111000), 8111118010 11100 00). 101, 109, 111, 112, 117. - (11311110
8100150(0110.00),1.111111(81110100000). 9010000, ΙΙΙ, 109.)

8000010101, 1. 8080110. 88811180 (uirgo), 00111110 0000811,
Seguntium, v. Siguenza. 156, 177, 286, 301, 320, 381, 179, 536,
800015100ηεὶ1, r. 81110100, 512,

88110 (8101111110), 000110ηο101, ΙΙ, 591. 881188(10110010),ρ110110’1101110101’1,
8811880 (0111111101), prieur de 0111- 000101000110001111100811,111,27,65,

10111111, Ι, 257, 253, 259. 73, 88.
88880181(8080100000),οἰ10, 11, 81. 8888188818, 1. 001111.
88888880088 (11010010), (110101 00 88881, ΙΙ, 500.

1831100 0810011011, 1391. 88881, 1. 0101111000 (ΤΙ10010); Furu-
80001010 0110, 1. 8100010οἰ111 (180110 01ορ0 (1011).

8111110);Ρ1000100101(1110000100). 88881 (Octaviano 00), 11, 19, 20, 111,
88880 (8180100000), ΙΙ, 270. 82, 83, 86. ’

 

