520

68888840 (43004400), Ι, 281.

68888440 (4040400), 004000 60 Noli,
puis 60 Guibbio, cardinal du titre 60
Enim-vital, 444, 344, 340, 344, 344,
345, 346, 347, 375, 276, 402, 408, 410,
417, 418, 425.

6888488 (4000),(404000640100, 44, 549.

688884 (64000), 0006006000 60 6000-
3000, cardinal, 1, 283.

684486(40040),0000000 60 0006. Bon-gia,
11, 470.

6414844808 (4000000 60), 44, 378, 483;
444254.

6488008 (40004405τοίεο 60), 444, 335.

6488008 (Hector de), 1, 445.

6488008 (84010400), 440040004οἱ00, 4, 387.

6488008 (6400100 60), 406000 64360,
puis 60 604400, cardinal, 1, 370, 447,
448, 432, 462; 44, 514; 444, 242, 244,
245, 246, 248, 249, 250, 254, 252, 253,
254, 257, 258, 259, 260, 203, 264, 265,
mfflmffimmmffi
289, 290, 294, 294, 295, 209, 302, 342,
317. 349, 324, 322, 324, 327, 329, 331,
337, 339, 340, 342, 354, 353, 358360,
363, 364, 365, 366, 367, 368, 372, 374,
375. 376, 380, 388, 395, 404, 405, 409,
441, 412, 425.

6483008 (600460), orateur 60 00000,
11, 8, 18.

6488008 (004040), evaque 60 604400, ,4,
20, 21, 128, 144, 455, 419.

6488048, 4556, 557; 44, 470.

6488048 (0000004 60 80404-000404000), a

44, 464, 466.
64844 (4000000), 44, 321.
64884 (Μ. 60440), 41, 280, 287.
6404100, 44, 330.
64444440, 00644000 60 rote, 11, 633.
6144388 (0000403000 60) (80ρο300), 4,

6455668444 (60000000), &voque 60 60-

rentino, 444, 25, 432, 470.
6464486006400460), 0.0000440(01400400
64540448 (04000040 60), v. 0000440 (41·

040000 60).

644448 (Fabricio), 40000040 60640010,
6481489458 (4000 60) (de Fine), 11, 377,
Fffisswmfflssm

1mmmmmmmm

' FIOLERII (64000), 41, 377, 484.
64084 (4040040), 00644004· 60 0040,
j 404000 60 0004000000, 444, 430, 293,
⁴ FISGIS (Paul 60), 41, 373.
6472444488, (8404006), &voque 60 80-
04400404, 444, 264.
6440084446Τὸ, v. 304406.
64448844 (province), 444, 184,Ι 185.
6448088, 44442.
6447400086 (0041100040 60), 00040-
04000 64006 04 cardinal, 1, 474.
6440000, 674000, v. Fiesque.
Flora (80040) (000, 000040 60), 44, 56.
640448Νο8, 4, 7, 9, 19, 20, 21, 50, 73,
116, 144121, 425, 459, 248, 275, 276,
300, 329, 362, 387, 410, 411, 439, 452,
459, 460, 464462, 464, 475, 481, 494,
544, 548, 567; 44, 4, 123, 495, 496,
fflmmmmme
444, 445, 446, 447, 452, 453, 454, 461,
462, 467, 469, 470, 473, 475, 541, 228,
529, 576, 579, 580, 638, 609, 622, 626,
629, 634, 632, 633, 634, 636, 640, 644,
643, 644, 645, 646, 647, 649, 650, 652,
653, 654, 655, 656, 668, 069, 670, 671,
672, 6750 444, 42, 43, 24, 24, 33, 60,
77, 442, 185, 101, 208, 214, 229, 237,
361, 362, 380, 407.
64088Νο8 (0004000000 60), v. Orsini
(8400460).
64088808 (0400040060 60), 111, 146.
64088608(341000440), 6004040040, 44,
64088808, 431400 60 4400000400, 4,
453, 557.
⁴ 8004404000, 44649.
- 0000004 60 sante-cmix, 44, 445.
· - 0000004 60 8040441000, 44, 452, 464.
4 - Porto San-Gallo, 1, 557.
- 834400 8040440000οῑ, 4, 453; 44, 453.
- 804400 Saum-Liberata, 4, 460, 451,
- 834100 3040404400ἰο 600 610000, 4,
453; 44630,
- 831400 80010-44004014000110, 1, 460,
- nunionis pom, 1, 557; 604040 64444,
44412.
-881400 santa-Reparatu, 4 453, 400,
557, 565.
64088608 (030440 60), 000040νί040, 4,

 

