515 55555 5555555 555555555555

11001000, 5155551515, ΙΙΙ, 330. 0118018 (3515155), 55551551, I, 519.

1100101008 55 1551555, 555555 55 855- 0555555, 1155 0555555515, 511117555555315 -
15515, ΙΙΙ, 326, 310. (1515555).

0011101008, 5155551515 55 15155 ΙΙ, ΙΙΙ, DUCHAFFAULI' (115555), 5155 03505511,

313, 318, 101.

55555555, parrum, 11, 177.

DOMINIQUE 55 055555, 51555 55 15
chambre 55551, H, 188.

0011111100(8.),5.οο5515555055155(8.).

0000100 (8.), ΙΙ, 308, 338.

0011111118 (055155), ΙΙ, 182.

11003 (Thomas), patriarche 55 1155155, Ι,
575, 577, 575, 555.

000310 (1555555), 5515151555 55 1155155,
5551555 55 15 5555511555 555555 55
85151·81555,11,109, 122,121; ΙΙΙ, 388,
389, 390..

00030 (0555155), ΙΙ, 77.

001113 (35555). 5551551 555515, ΙΙΙ, 229.

001113 (0555151555), 55ρί15155 55 11511555,
1, 177, 518, 571;11, 11, 50.

55555515, reme 5 5555555, 5, 355,
301, 308.

0011118 (11551555 55), 55555515, ΙΙΙ, 269.

DRACO (3.), 5515155, 11, 381, 185, 512,
588, 591; 111, 7.

0113030105, 11, 286.

01130311 (1555555), 555555 55 Zongg,
55 0515555115, II, 319, 375130, 171,
mfflfflffifflmffl

01136311 (Paul), 15 5555555515 55555·
5551, ΙΙ, 539.

01136011), 51551555 55 5515, II, 250.

Ι 0111001 (christophe), procuraleur 55

85151-0555, ΙΙ, 10, 19.

555555 55055155, Ι, 20, 21, 73, 90,
128.

0008811811, 11, 527.

000111, (1555 55), 555555 55 05515551,
128.

00018, 1211, 68.

00030 (0551), 11, 536.

0081111001 (853555), 555555 55 8515155-
wig, I, 230, 281, 315, 316; ΙΙ, 178. 2711,
319, 376, 113, 181, 191, 538, 573, 571.

00101118 (Lucas), ΙΙ, 383, 385, 188.

0010108(8.),11, 179. ,

DULFIS (1555 55), ΙΙ, 372.

01100311 (055555155555 55 1155555,
111, 362.

0008811011, 111, 362.

0011008 (15155), 555555 5511555151, 1,

0555155555, 5, 05515555.

011018Τ113 (8555. Alemanni), Icuyer du
5555. 855315, II, 176.

0011131 (1555555), 5155551155 hierosoly-
5511515, Ι, 511.

DUPUY (1555115515) (5515515), 51555 55
15 chapelle 555515, 55115355 55 Bur-
ehard, 111', 5555

01111301 (0511155555), 555555 55 115555,
II, 79.

0011307 (6511155555), speculator 55
1555555 55 05555, ΙΙ, 105.

00113ΖΖο, v. 8555515 (0155155).

0555575515. 5. 0055555553 (15155555). 001131Ζο, 111, 161.

00301111 (05551), Ι, 528.
0083 (1.), 11, 588.

0011030, v. 8151555555 (15155).
00118111 (05555555), 11, 181, 538.

008018 (3515155), 55755 55 5557551551 0008888113, 15515 pour 1155505550,

05555555, Ι, 552.

555).

880 (1555), 513555 55 0515555, 11, 15, ( 800888, Ι, 231, 235, 238, 239, 261,110,

112,123, 163, 177, 310, 350.

⁴ 111, 113, 539; II, 11 3 III, 360.

8003110, 51151, 12, 13, 15, 301) ΙΙ, 8, ἒ 1100113110 111, 551 53531515551, 201,

51 5555155.
80018813 (1,-Β. 55), II, 376.

1 80207311010155155), 11, 538.

80088318, gardas 55 01555155 VIII, II, 85555515, 5. 35155.

22 .
8008881155 11553515. ΙΙ, 103.

5155555, 5, 553, 555 11, 55,

8111 (1155155555), ΙΙ, 377.

 

