530 INDEX 0808091 0180088710οΕ

1991911113, v. leole. 299, 301, 309, 312, 317, 319, 321, 322,
18880111, v. Adami (81911913). 327, 329, 330, 331, 331, 339, 311, 310,
ISOLA (Insula), 11, 311; 111, 262. 351, 357, 358, 362, 361, 365, 306. 367,

180111, v. 1999. 368, 372, 373, 375, 380, 382, 388, 389, ·

180901188 (819119), 1119199919119, geu· 392, 399, 101, 405, 109, 110, 111, 125,
1911199199 Rome, 3191319193 93 Reg· 110.
111999 09191119,391911191-1119119 du titre ITALIE, 1, 20, 38, 73, 538; 11, 81, 322,
99 8. cyrenei in 8113111113, ΙΙ, 335, 356, 321, 329.

339, 335, 399, 193, 111, 199131, 191, 1 19119919 (eernere), 11, 311.
191, 511913, 513, 513, 511, 511, 395; 1 11111 11991119,911991399,1,391.
111, 11, 33, 19 11 51 11 13 39 91 119331, 11, 199.

39, 93, 131, 9399991991, 991, ’995ζ Ι 111191 19191991), v. 99111913 (Nicone).

I

JACOBA'I‘IUS (1111919111, 377, 1821 111, I 11100088(891111),11911911 99 Ie 39111. 93
315, 533. 5 913119, 11, 991.
1000807108 (0913191199), 3119119111 99 I S. JACQUES de 181199 (91913 de), 1, 113, .
99, 11, 99, 93, 319, 311, 139, 111, I 111, 139.
181, 191, 538, 601; 111, 3, 173, 260, 1 8. 11100088 99 091911991909, 111, 19.
202, 370, 371. I 1991311913, v. 2919.
0008118108(0199193),11,281,379,185, ² IAGELLON (81999119), 9190999199 99
511. · Gran, 1, 333.
1000817108 (0199193), 91319 3911119111 99 JALIGNY (Guilleume de), 9119, Ι, 100,
19 chapelle papale, I, 29, 09, 198; 11, Ι 536.
350, ¹ JAMES (Thomas), 9191193 99 891, l, 170,
11100088, 11119111 93 0913119, 111, 197, 175, 213, 259, 290, 293, 312, 397; 11,
200, 202. 9, 18, 19, 16, 51,’52, 53, 51.
1900088, 9191111999 89111193, 11, 103, 1110100100, orateur de Rhodes, Ill, 365.
159, 160. 1 ΑΝΙΖΑΝΟ, forteresse de 09199119.
1000088, frere 93 19991193 99 Clusium, IANUARIIS (1111131119 99), 99893999991
I, 237. 99 roi 99 0911133, 11, 199.
Ι 1110008811,9991199990911919119,11,163. 1999919113, 9919, v. Fregose (Paul).
JACQUES‚ 9911191131, 111, 385. IARANO (81911993 99), 111, 272.
1800088110088 99 99191119, 111,11. JAIIOSLAW, III, 37.
1000088, 1119111993 93 8999, 1, 391, 1800, file 91119 93 8319111399 19 0., 11,
ffifflffi mmm
IACQUES, 1113 elne du 9191111919 93 8399, IEAN, roi 99 0919119, 111, 11, 12.
1, 390. 1800, 19199 8911111191, 1, 129, 169.
11100088 99 Iunii, 9191199 93 0919119, I, IEAN 11, roi 93 8993119193, Ι, 315, 391.
128. 1890 VII, 119119, 1, 233.
1000088 99 volterra, 3991919119 d’Inno· IEAN VIII, 19119, I, 231.
, 99111 VIII, 1, 121. 18110 XV, 119119, 1, 231.
1900088 lV, 191 9899339, I, 231, 238, 18110 1v‚ 9191193 99 09119919, 1, 207, 225,
239, 326, 131,135; 111, 360, 362. 227.
11100088, 9119119 99891119, II, 211. 18110, roi de 1191931119, 1, 308.
11100088, 9191319999 99 09391 8911119, 18110, 9191919193 9711119193, 1, 376.
11, 516. 1800, 9191199 93 0111119111, 190.
11100088 93 89119119, 9199113 99 Rome, 18110, 9991199 99 09391199, Ι, 128.
v. 89119 (Jacob). . IEAN, 99919999891919, 11, 306.

 

