DES NOMS DE PERSONNES ET 00 411]οΧ.

64444004 (66644146 66), ΙΙ, 378.

60060, Ι, 553; ΙΙ, 84, 203.

66466464 ee Naziance, 1, 525.

60060100 S. (abbe de), 406646, l, 2933
lI,95;lll, 282.

6006010041, pape, ll, 585; ΙΙΙ, 94.

60060100 XV, pape, 1, 176.

60060010,466464664446644414,ΙΙ,92.

6446646464, one, 1, 13, 25, 446,
492, cle.

6000400, Ι, 206, 273, 291, 393, 444,
445, 446, 447, 554, 555; ΙΙ, 4, 345.

60000000 (4646), ΙΙΙ, 494.

GRESTER, chenoine 64 Salui-Floram
de Haelech, 44, 259.

60048041, cite, ΙΙ, 44.

GRlFFl (Agcstino), ΙΙΙ, 302.

601001 (4616466), ΙΙΙ, 271.

601001(4646-0.),14644 66 4666446, 4, 170.

601004 (Leuis), Ι, 140.

601001 (016444), ΙΙΙ, 270, 301, 305.

601001 (4666446), 4460446666 66 0466-
4664, 4444614446 66 pape, l, 20, 21, 73,
90, 92, 128, 147,162, 169.

60111144οΙ (43644166), ΙΙΙ, 335.

6010404 (4646466), pere du cardinal, ll,
570.

60101401 (0646464664), cardinal, ΙΙ, 92,
95, 96,105, 180, 193, 224, 230, 235,
236, 246, 247, 260, 265, 267, 268, 269,
271, 276, 289, 342, 343, 348, 358, 387,
393, 394, 395, 399, 402, 403, 404, 407,
415, 418, 426, 434, 434, 437, 439, 440,
459, 460, 541, 524, 530, 531, 545, 554,
553,557,558,561,570;ΙΙΙ, 56, 75, 471,

‘mmmmmmmm
222, 234, 244, 245, 246, 248, 249, 250,
251, 253, 254, 257, 250, 260, 263, 264,
269, 274, 275, 277, 287, 288, 289, 290,
294, 294, 295, 298, 300, 300, 312, 347,
319, 324, 327, 329, 330, 332, 333, 337,
339, 351, 353, 360, 361, 364, 366, 362,
367, 368, 372, 373, 375, 380, 382, 388,
389, 393, 395, 404, 409, 411, 413, 446,

60141401 (Ρ46446), ΙΙΙ, 260300.

6411414010, chevalier 66 84464-Ρ46446,
ΙΙΙ, 359.

60180410 (6464144461ιέ 66 Gran), ΙΙΙ,

604ΤΤΙ (46646), 6444664 66 Venice 4 C.
Ρ.,ΙΙ,243;ΙΙΙ,388. .

527

60084400 (1646 64 Villiers de 14), eve
qua 6646444664, abbe de Sciat-Denis, 66
044646, cardinal 66 84461-06644, Ι, 430,
fflssMQwffifflQEQ

105, 113, 178,,179, 193, 195, 219, 221, “

224, 226, 230, 233, 235, 236, 240, 242,
243, 245, 246, 247, 259, 260, 262, 263,
265, 268, 269, 274, 273, 276, 277, 278,
289, 339, 343, 345, 347, 352, 355, 358,
fflmfflffimfflfflffi
399, 407, 443, 445, 419, 426, 431, 433,
434, 436, 437, 440, 460, 464, 474497,
499, 505, 508, 540, 541, 512, 520, 524,
524, 526, 527, 530, 531, 532, 549, 550,
551, 553, 557, 558, 559, 561,564, 572;
ΙΙΙ, 40, 267.

600880 (46644), ΙΙΙ, 94, 125, 162.

600074 00110404 64 604904 F, l,
4893 ΙΙ, 240, 392, 622; ΙΙΙ, 365.

60404441404, ll, 237.

60444001 (61444164), deeque 6041664,
1,355;-ΙΙ, 40, 438.

6044008 (4446 66), l, 28, 57.

604401 (0466464441), ΙΙΙ, 77, 300.

60401000 (06666646) 64 Pavie, 11, 648

60441οΙ4 (410444). V. Agnesi (Troilus).

60401110 (augustin 66), 446666 66 Τ44-
644446, ll, 349, 352, 355, 560.

6040000108 (0.), ll, 377.

60486048 (66444 66), orateur de Milan,

GUASTAFEHRO (04466644), Ill, 300,
Qfflffifflffiwfflm‘

600010, ll, 294, 338.

600010, 4. llorere (04466. 66 la), Fer·
44446 (4646466).

600040 (4646466 66), Ι, 129, 134, 458.

600600 (6641146646), chancelier da 046-
iegne, ll, 221.

600004 (01464166 66), ΙΙ, 359.

60004444 (4.444. 66),66646 66 0646644,
11, 97, 64, ne. ’

60100 (0644644), 646664 66 Treguier, am·
bassedeur de 044466, Ι, 145, 448, 423; v
Il, 540, 514, 543, 544, 515, 549, 527,
531,532;ΙΙΙ,2Ι, 24,65, 119, 437, 447,
198, 255, 266, 293, 307, 314, 348, 334,
354, 355, 356, 362, 366, 374, 376, 387,
394, 408, 410, 442, 413, 416, 425.

601664400104 (0446644), eaeque de Cor·
1666111, 223.

 

