570 1116111 66616111111616611666

1080110111 (666116), 1, 262, 261. Tolosam, 1. 16616666.
1111111011, 6116161161 16 1661111616 16 1011100111 (11111166),6161)11616 eas-
66166, 1, 110. sano, 1, 128; 11, 163.
1011111111, 61666616 Tripoli, ll, 501. 1οΡΡ10181116116116 16), 111311.
11130311010616101, 313. 10111100 (hequen), 61666616 Poly·
1000001110. 61616 66 11616, 111, 301. , gnam, 11, 163.
1116161116 (nominique), 11, 311. ξ 1611661161. 6166666616).
11616616616611666611111161111,11,163. 1 1011131111 (066661), 16616616, 11, 521,
16661666161166),161166166611, 1 661; 111, 132.
511 ; 111,101,118. 10111111 (0666166666), mque 16
1110018, diacre 1616 chapelle papale, ! 0631111295.

1, 6661166116311. l 1666166661 (163616),611616 norea·

11161116, mque 1616616, 11, 163, ) 1161116.
(661191, leveque de Tarento 61611 1011011Βο001 (Antonio), l, 516.

61116101), v. 06166 p. 930). 1011011Βο001 (1111166616), 6161661116-

1000118 de Pilmonl, assassin de 1666- · 166116, 1, 116.

11.199. 1 161161166666611663.
1110018108 (Alexandro), ll, 183, 539, 1 161666661311661111).

11611616 Polio, 61616 des 1616666166, 1 101101Βο001(0661116111616161161. 1

1661116166 (16666), 11, 611. ) 1666666161(1661666611661, ,

111001810503161), 11181. 11, 381, 186, 513.

1001118101,66111116666,111209. (10111111 (6616611166 da), 6166661161 tle χ

1001111(Ρ16116), ll, 177. ) virginio Orsini, ll, 626, 621.

1116111666, 1666. 16666 66611111 (1666166 di), 11,

1001115108, l, 229. 381, 186, 512.

ΤΙΒΕΗΤΙ (Achille), 111,113. 1 TORflsslhouls della), 1166116 31113161 de l
111110 (166616), 11, 372. ’ 161116 des 11166616 66 1111116, 111, 1

1101111 (16), 11, 1133, 191; 111, 22, 45, 88, 96.

186, 208, 262. ) 10111118 (1616166), §voque 16 Lucem, ἵ

1116111116 (forme), ll, 155. . . 11, 361, 361, 367.

Tiburtinus, Tiburtum, 1. 111611. 1 TORRES (Gonsalve), 1661611166 1661611, 1
110100 (Lazaro), 1, 562. · 1117666616161111611116 1661116166). 1
TlMESANUS (pierre), 11, 536. 1011101111, ll, 331, 332, 333, 331, 562; =

1116166611, 6116, 1, 212. 66661111·63.-11611661, ll, 333.
11680116001106116), 11, 287, 371, 1011101111, ·1. 2611 (1666-0616161661),
315, 178, 182, 537. 061160166666).
TlROL, ll, 77. ) 10111000 (1666-166166116), 11, 371.
11110011 (16 1161661116) (1661616), 11, 1031601100, 1, 523.
661116. 1666111161, 116;11,163,161,135,161,
1111011 152. 151, 210; 11, 180, 181, 211.
181, 185, 190; 111, 179, 185,,191, 213, 1080101111(311161116111531.
255, 256. ¹ 1080110111 (1161611611, &voque 16 011-
1111011, 6661661 16 86161-11666611, 11, mon, 111, 352.
, 181; eglise 86161-11666611, 11, 181. 100100811606616163610166 16).
1111011, v. Leonini (Angelo); 1161111601 J 10010050(61ι16111116),11,196.
(016636Ιί161 0161616061. 16). 10011 (01136116 (le 16), 11611661αά661 16
100111. (11111611), 11, 381, 185, 512; Maximilla, 1, 288, 302, 303, 301, 316.
10011, 16125 128, 569;·01, 15, 185. 10011011, 1, 111, 128, 139, 116, 513,
1001, v. 11661111110111111). 550, 552.
Toum [1 111. 1011111111(6111161116),1,118.
1010011110 (1666-11666611 16), Ι, 167. 10011011161161111611111666).
TOLFA, 1, 483 111, 102. ¹ 100118,1,225,133,131,551;11,175,617

 

